관측시간,실측조위(Cm),예측조위(Cm),잔차(Cm)
2012-04-29 0:00,381,389,-8
2012-04-29 0:01,380,388,-8
2012-04-29 0:02,379,386,-7
2012-04-29 0:03,378,385,-7
2012-04-29 0:04,376,384,-8
2012-04-29 0:05,375,382,-7
2012-04-29 0:06,374,381,-7
2012-04-29 0:07,373,379,-6
2012-04-29 0:08,372,378,-6
2012-04-29 0:09,371,377,-6
2012-04-29 0:10,369,375,-6
2012-04-29 0:11,368,374,-6
2012-04-29 0:12,367,372,-5
2012-04-29 0:13,366,371,-5
2012-04-29 0:14,364,370,-6
2012-04-29 0:15,363,368,-5
2012-04-29 0:16,362,367,-5
2012-04-29 0:17,361,365,-4
2012-04-29 0:18,359,364,-5
2012-04-29 0:19,358,363,-5
2012-04-29 0:20,357,361,-4
2012-04-29 0:21,355,360,-5
2012-04-29 0:22,354,358,-4
2012-04-29 0:23,353,357,-4
2012-04-29 0:24,352,356,-4
2012-04-29 0:25,350,354,-4
2012-04-29 0:26,349,353,-4
2012-04-29 0:27,348,351,-3
2012-04-29 0:28,346,350,-4
2012-04-29 0:29,345,348,-3
2012-04-29 0:30,343,347,-4
2012-04-29 0:31,342,346,-4
2012-04-29 0:32,340,344,-4
2012-04-29 0:33,339,343,-4
2012-04-29 0:34,338,341,-3
2012-04-29 0:35,337,340,-3
2012-04-29 0:36,335,339,-4
2012-04-29 0:37,334,337,-3
2012-04-29 0:38,333,336,-3
2012-04-29 0:39,331,334,-3
2012-04-29 0:40,330,333,-3
2012-04-29 0:41,328,331,-3
2012-04-29 0:42,327,330,-3
2012-04-29 0:43,326,329,-3
2012-04-29 0:44,324,327,-3
2012-04-29 0:45,323,326,-3
2012-04-29 0:46,322,324,-2
2012-04-29 0:47,321,323,-2
2012-04-29 0:48,319,322,-3
2012-04-29 0:49,318,320,-2
2012-04-29 0:50,317,319,-2
2012-04-29 0:51,316,317,-1
2012-04-29 0:52,314,316,-2
2012-04-29 0:53,313,315,-2
2012-04-29 0:54,311,313,-2
2012-04-29 0:55,310,312,-2
2012-04-29 0:56,309,311,-2
2012-04-29 0:57,308,309,-1
2012-04-29 0:58,306,308,-2
2012-04-29 0:59,305,306,-1
2012-04-29 1:00,304,305,-1
2012-04-29 1:01,303,304,-1
2012-04-29 1:02,301,302,-1
2012-04-29 1:03,300,301,-1
2012-04-29 1:04,299,300,-1
2012-04-29 1:05,298,298,0
2012-04-29 1:06,296,297,-1
2012-04-29 1:07,295,295,0
2012-04-29 1:08,294,294,0
2012-04-29 1:09,293,293,0
2012-04-29 1:10,291,291,0
2012-04-29 1:11,290,290,0
2012-04-29 1:12,289,289,0
2012-04-29 1:13,288,287,1
2012-04-29 1:14,287,286,1
2012-04-29 1:15,285,285,0
2012-04-29 1:16,284,283,1
2012-04-29 1:17,283,282,1
2012-04-29 1:18,282,281,1
2012-04-29 1:19,281,279,2
2012-04-29 1:20,280,278,2
2012-04-29 1:21,278,277,1
2012-04-29 1:22,277,276,1
2012-04-29 1:23,276,274,2
2012-04-29 1:24,275,273,2
2012-04-29 1:25,274,272,2
2012-04-29 1:26,272,270,2
2012-04-29 1:27,271,269,2
2012-04-29 1:28,270,268,2
2012-04-29 1:29,269,266,3
2012-04-29 1:30,268,265,3
2012-04-29 1:31,267,264,3
2012-04-29 1:32,266,263,3
2012-04-29 1:33,264,261,3
2012-04-29 1:34,263,260,3
2012-04-29 1:35,262,259,3
2012-04-29 1:36,261,258,3
2012-04-29 1:37,260,256,4
2012-04-29 1:38,259,255,4
2012-04-29 1:39,258,254,4
2012-04-29 1:40,257,253,4
2012-04-29 1:41,255,251,4
2012-04-29 1:42,254,250,4
2012-04-29 1:43,253,249,4
2012-04-29 1:44,252,248,4
2012-04-29 1:45,251,246,5
2012-04-29 1:46,250,245,5
2012-04-29 1:47,249,244,5
2012-04-29 1:48,248,243,5
2012-04-29 1:49,247,241,6
2012-04-29 1:50,246,240,6
2012-04-29 1:51,245,239,6
2012-04-29 1:52,243,238,5
2012-04-29 1:53,242,237,5
2012-04-29 1:54,242,235,7
2012-04-29 1:55,241,234,7
2012-04-29 1:56,239,233,6
2012-04-29 1:57,238,232,6
2012-04-29 1:58,237,231,6
2012-04-29 1:59,236,229,7
2012-04-29 2:00,235,228,7
2012-04-29 2:01,234,227,7
2012-04-29 2:02,233,226,7
2012-04-29 2:03,232,225,7
2012-04-29 2:04,231,223,8
2012-04-29 2:05,230,222,8
2012-04-29 2:06,229,221,8
2012-04-29 2:07,228,220,8
2012-04-29 2:08,227,219,8
2012-04-29 2:09,226,218,8
2012-04-29 2:10,225,216,9
2012-04-29 2:11,224,215,9
2012-04-29 2:12,223,214,9
2012-04-29 2:13,222,213,9
2012-04-29 2:14,221,212,9
2012-04-29 2:15,220,211,9
2012-04-29 2:16,219,209,10
2012-04-29 2:17,218,208,10
2012-04-29 2:18,217,207,10
2012-04-29 2:19,216,206,10
2012-04-29 2:20,215,205,10
2012-04-29 2:21,213,204,9
2012-04-29 2:22,212,203,9
2012-04-29 2:23,212,202,10
2012-04-29 2:24,211,200,11
2012-04-29 2:25,210,199,11
2012-04-29 2:26,209,198,11
2012-04-29 2:27,208,197,11
2012-04-29 2:28,207,196,11
2012-04-29 2:29,206,195,11
2012-04-29 2:30,205,194,11
2012-04-29 2:31,204,193,11
2012-04-29 2:32,203,192,11
2012-04-29 2:33,202,191,11
2012-04-29 2:34,201,189,12
2012-04-29 2:35,200,188,12
2012-04-29 2:36,199,187,12
2012-04-29 2:37,198,186,12
2012-04-29 2:38,197,185,12
2012-04-29 2:39,196,184,12
2012-04-29 2:40,195,183,12
2012-04-29 2:41,194,182,12
2012-04-29 2:42,193,181,12
2012-04-29 2:43,192,180,12
2012-04-29 2:44,191,179,12
2012-04-29 2:45,190,178,12
2012-04-29 2:46,189,177,12
2012-04-29 2:47,188,176,12
2012-04-29 2:48,187,174,13
2012-04-29 2:49,186,173,13
2012-04-29 2:50,185,172,13
2012-04-29 2:51,185,171,14
2012-04-29 2:52,184,170,14
2012-04-29 2:53,183,169,14
2012-04-29 2:54,-,168,-
2012-04-29 2:55,-,167,-
2012-04-29 2:56,-,166,-
2012-04-29 2:57,180,165,15
2012-04-29 2:58,179,164,15
2012-04-29 2:59,178,163,15
2012-04-29 3:00,177,162,15
2012-04-29 3:01,176,161,15
2012-04-29 3:02,175,160,15
2012-04-29 3:03,174,159,15
2012-04-29 3:04,173,158,15
2012-04-29 3:05,172,157,15
2012-04-29 3:06,171,156,15
2012-04-29 3:07,170,155,15
2012-04-29 3:08,170,154,16
2012-04-29 3:09,169,153,16
2012-04-29 3:10,168,152,16
2012-04-29 3:11,167,151,16
2012-04-29 3:12,166,150,16
2012-04-29 3:13,165,150,15
2012-04-29 3:14,164,149,15
2012-04-29 3:15,163,148,15
2012-04-29 3:16,162,147,15
2012-04-29 3:17,161,146,15
2012-04-29 3:18,161,145,16
2012-04-29 3:19,159,144,15
2012-04-29 3:20,159,143,16
2012-04-29 3:21,158,142,16
2012-04-29 3:22,157,141,16
2012-04-29 3:23,156,140,16
2012-04-29 3:24,155,139,16
2012-04-29 3:25,154,139,15
2012-04-29 3:26,153,138,15
2012-04-29 3:27,153,137,16
2012-04-29 3:28,152,136,16
2012-04-29 3:29,151,135,16
2012-04-29 3:30,150,134,16
2012-04-29 3:31,149,133,16
2012-04-29 3:32,148,132,16
2012-04-29 3:33,148,132,16
2012-04-29 3:34,147,131,16
2012-04-29 3:35,146,130,16
2012-04-29 3:36,145,129,16
2012-04-29 3:37,144,128,16
2012-04-29 3:38,143,128,15
2012-04-29 3:39,142,127,15
2012-04-29 3:40,141,126,15
2012-04-29 3:41,141,125,16
2012-04-29 3:42,140,124,16
2012-04-29 3:43,139,124,15
2012-04-29 3:44,138,123,15
2012-04-29 3:45,137,122,15
2012-04-29 3:46,136,121,15
2012-04-29 3:47,135,121,14
2012-04-29 3:48,135,120,15
2012-04-29 3:49,134,119,15
2012-04-29 3:50,133,118,15
2012-04-29 3:51,132,118,14
2012-04-29 3:52,131,117,14
2012-04-29 3:53,131,116,15
2012-04-29 3:54,130,115,15
2012-04-29 3:55,129,115,14
2012-04-29 3:56,128,114,14
2012-04-29 3:57,127,113,14
2012-04-29 3:58,127,113,14
2012-04-29 3:59,126,112,14
2012-04-29 4:00,125,111,14
2012-04-29 4:01,124,111,13
2012-04-29 4:02,123,110,13
2012-04-29 4:03,123,110,13
2012-04-29 4:04,122,109,13
2012-04-29 4:05,121,108,13
2012-04-29 4:06,120,108,12
2012-04-29 4:07,120,107,13
2012-04-29 4:08,119,107,12
2012-04-29 4:09,118,106,12
2012-04-29 4:10,117,105,12
2012-04-29 4:11,116,105,11
2012-04-29 4:12,116,104,12
2012-04-29 4:13,115,104,11
2012-04-29 4:14,114,103,11
2012-04-29 4:15,113,103,10
2012-04-29 4:16,113,102,11
2012-04-29 4:17,112,102,10
2012-04-29 4:18,111,101,10
2012-04-29 4:19,111,101,10
2012-04-29 4:20,110,100,10
2012-04-29 4:21,109,100,9
2012-04-29 4:22,109,99,10
2012-04-29 4:23,108,99,9
2012-04-29 4:24,107,99,8
2012-04-29 4:25,106,98,8
2012-04-29 4:26,106,98,8
2012-04-29 4:27,105,97,8
2012-04-29 4:28,104,97,7
2012-04-29 4:29,103,97,6
2012-04-29 4:30,103,96,7
2012-04-29 4:31,102,96,6
2012-04-29 4:32,102,96,6
2012-04-29 4:33,101,95,6
2012-04-29 4:34,100,95,5
2012-04-29 4:35,100,95,5
2012-04-29 4:36,99,94,5
2012-04-29 4:37,98,94,4
2012-04-29 4:38,98,94,4
2012-04-29 4:39,97,94,3
2012-04-29 4:40,97,93,4
2012-04-29 4:41,96,93,3
2012-04-29 4:42,95,93,2
2012-04-29 4:43,95,93,2
2012-04-29 4:44,94,92,2
2012-04-29 4:45,94,92,2
2012-04-29 4:46,93,92,1
2012-04-29 4:47,93,92,1
2012-04-29 4:48,92,92,0
2012-04-29 4:49,92,92,0
2012-04-29 4:50,91,91,0
2012-04-29 4:51,91,91,0
2012-04-29 4:52,91,91,0
2012-04-29 4:53,90,91,-1
2012-04-29 4:54,90,91,-1
2012-04-29 4:55,89,91,-2
2012-04-29 4:56,89,91,-2
2012-04-29 4:57,89,91,-2
2012-04-29 4:58,89,91,-2
2012-04-29 4:59,88,91,-3
2012-04-29 5:00,88,91,-3
2012-04-29 5:01,88,91,-3
2012-04-29 5:02,87,91,-4
2012-04-29 5:03,87,91,-4
2012-04-29 5:04,87,91,-4
2012-04-29 5:05,87,91,-4
2012-04-29 5:06,87,91,-4
2012-04-29 5:07,87,91,-4
2012-04-29 5:08,87,91,-4
2012-04-29 5:09,87,91,-4
2012-04-29 5:10,87,91,-4
2012-04-29 5:11,87,92,-5
2012-04-29 5:12,87,92,-5
2012-04-29 5:13,87,92,-5
2012-04-29 5:14,87,92,-5
2012-04-29 5:15,88,92,-4
2012-04-29 5:16,88,93,-5
2012-04-29 5:17,89,93,-4
2012-04-29 5:18,89,93,-4
2012-04-29 5:19,90,93,-3
2012-04-29 5:20,90,93,-3
2012-04-29 5:21,91,94,-3
2012-04-29 5:22,91,94,-3
2012-04-29 5:23,92,94,-2
2012-04-29 5:24,93,95,-2
2012-04-29 5:25,94,95,-1
2012-04-29 5:26,95,95,0
2012-04-29 5:27,96,96,0
2012-04-29 5:28,97,96,1
2012-04-29 5:29,98,96,2
2012-04-29 5:30,99,97,2
2012-04-29 5:31,101,97,4
2012-04-29 5:32,102,98,4
2012-04-29 5:33,103,98,5
2012-04-29 5:34,105,99,6
2012-04-29 5:35,106,99,7
2012-04-29 5:36,107,99,8
2012-04-29 5:37,109,100,9
2012-04-29 5:38,110,100,10
2012-04-29 5:39,111,101,10
2012-04-29 5:40,113,101,12
2012-04-29 5:41,114,102,12
2012-04-29 5:42,115,103,12
2012-04-29 5:43,117,103,14
2012-04-29 5:44,118,104,14
2012-04-29 5:45,119,104,15
2012-04-29 5:46,120,105,15
2012-04-29 5:47,122,106,16
2012-04-29 5:48,123,106,17
2012-04-29 5:49,124,107,17
2012-04-29 5:50,126,108,18
2012-04-29 5:51,127,108,19
2012-04-29 5:52,129,109,20
2012-04-29 5:53,131,110,21
2012-04-29 5:54,132,110,22
2012-04-29 5:55,133,111,22
2012-04-29 5:56,134,112,22
2012-04-29 5:57,135,113,22
2012-04-29 5:58,136,113,23
2012-04-29 5:59,137,114,23
2012-04-29 6:00,138,115,23
2012-04-29 6:01,139,116,23
2012-04-29 6:02,140,117,23
2012-04-29 6:03,141,118,23
2012-04-29 6:04,142,118,24
2012-04-29 6:05,143,119,24
2012-04-29 6:06,144,120,24
2012-04-29 6:07,145,121,24
2012-04-29 6:08,146,122,24
2012-04-29 6:09,146,123,23
2012-04-29 6:10,147,124,23
2012-04-29 6:11,148,125,23
2012-04-29 6:12,149,126,23
2012-04-29 6:13,150,127,23
2012-04-29 6:14,150,128,22
2012-04-29 6:15,151,129,22
2012-04-29 6:16,152,130,22
2012-04-29 6:17,153,131,22
2012-04-29 6:18,153,132,21
2012-04-29 6:19,154,133,21
2012-04-29 6:20,155,134,21
2012-04-29 6:21,156,135,21
2012-04-29 6:22,156,136,20
2012-04-29 6:23,157,137,20
2012-04-29 6:24,157,138,19
2012-04-29 6:25,158,140,18
2012-04-29 6:26,159,141,18
2012-04-29 6:27,159,142,17
2012-04-29 6:28,160,143,17
2012-04-29 6:29,161,144,17
2012-04-29 6:30,162,146,16
2012-04-29 6:31,163,147,16
2012-04-29 6:32,164,148,16
2012-04-29 6:33,165,149,16
2012-04-29 6:34,166,151,15
2012-04-29 6:35,167,152,15
2012-04-29 6:36,167,153,14
2012-04-29 6:37,169,154,15
2012-04-29 6:38,170,156,14
2012-04-29 6:39,171,157,14
2012-04-29 6:40,172,158,14
2012-04-29 6:41,173,160,13
2012-04-29 6:42,174,161,13
2012-04-29 6:43,175,162,13
2012-04-29 6:44,176,164,12
2012-04-29 6:45,178,165,13
2012-04-29 6:46,179,167,12
2012-04-29 6:47,180,168,12
2012-04-29 6:48,182,169,13
2012-04-29 6:49,183,171,12
2012-04-29 6:50,184,172,12
2012-04-29 6:51,186,174,12
2012-04-29 6:52,187,175,12
2012-04-29 6:53,188,177,11
2012-04-29 6:54,190,178,12
2012-04-29 6:55,-,180,-
2012-04-29 6:56,194,181,13
2012-04-29 6:57,196,183,13
2012-04-29 6:58,197,184,13
2012-04-29 6:59,199,186,13
2012-04-29 7:00,201,188,13
2012-04-29 7:01,202,189,13
2012-04-29 7:02,204,191,13
2012-04-29 7:03,206,192,14
2012-04-29 7:04,208,194,14
2012-04-29 7:05,209,196,13
2012-04-29 7:06,211,197,14
2012-04-29 7:07,213,199,14
2012-04-29 7:08,215,201,14
2012-04-29 7:09,216,202,14
2012-04-29 7:10,218,204,14
2012-04-29 7:11,221,206,15
2012-04-29 7:12,222,207,15
2012-04-29 7:13,224,209,15
2012-04-29 7:14,226,211,15
2012-04-29 7:15,227,212,15
2012-04-29 7:16,229,214,15
2012-04-29 7:17,231,216,15
2012-04-29 7:18,233,218,15
2012-04-29 7:19,235,219,16
2012-04-29 7:20,237,221,16
2012-04-29 7:21,239,223,16
2012-04-29 7:22,241,225,16
2012-04-29 7:23,242,227,15
2012-04-29 7:24,244,228,16
2012-04-29 7:25,246,230,16
2012-04-29 7:26,248,232,16
2012-04-29 7:27,250,234,16
2012-04-29 7:28,252,236,16
2012-04-29 7:29,253,238,15
2012-04-29 7:30,255,239,16
2012-04-29 7:31,257,241,16
2012-04-29 7:32,259,243,16
2012-04-29 7:33,261,245,16
2012-04-29 7:34,263,247,16
2012-04-29 7:35,265,249,16
2012-04-29 7:36,267,251,16
2012-04-29 7:37,269,253,16
2012-04-29 7:38,271,255,16
2012-04-29 7:39,272,257,15
2012-04-29 7:40,275,258,17
2012-04-29 7:41,277,260,17
2012-04-29 7:42,279,262,17
2012-04-29 7:43,281,264,17
2012-04-29 7:44,283,266,17
2012-04-29 7:45,285,268,17
2012-04-29 7:46,287,270,17
2012-04-29 7:47,289,272,17
2012-04-29 7:48,291,274,17
2012-04-29 7:49,293,276,17
2012-04-29 7:50,295,278,17
2012-04-29 7:51,297,280,17
2012-04-29 7:52,-,282,-
2012-04-29 7:53,-,284,-
2012-04-29 7:54,-,286,-
2012-04-29 7:55,-,288,-
2012-04-29 7:56,307,290,17
2012-04-29 7:57,309,292,17
2012-04-29 7:58,312,294,18
2012-04-29 7:59,314,296,18
2012-04-29 8:00,315,298,17
2012-04-29 8:01,318,300,18
2012-04-29 8:02,320,303,17
2012-04-29 8:03,322,305,17
2012-04-29 8:04,324,307,17
2012-04-29 8:05,326,309,17
2012-04-29 8:06,328,311,17
2012-04-29 8:07,330,313,17
2012-04-29 8:08,332,315,17
2012-04-29 8:09,334,317,17
2012-04-29 8:10,336,319,17
2012-04-29 8:11,338,321,17
2012-04-29 8:12,340,323,17
2012-04-29 8:13,342,325,17
2012-04-29 8:14,344,327,17
2012-04-29 8:15,346,329,17
2012-04-29 8:16,348,332,16
2012-04-29 8:17,350,334,16
2012-04-29 8:18,352,336,16
2012-04-29 8:19,354,338,16
2012-04-29 8:20,356,340,16
2012-04-29 8:21,357,342,15
2012-04-29 8:22,360,344,16
2012-04-29 8:23,361,346,15
2012-04-29 8:24,363,348,15
2012-04-29 8:25,365,350,15
2012-04-29 8:26,367,352,15
2012-04-29 8:27,369,355,14
2012-04-29 8:28,371,357,14
2012-04-29 8:29,373,359,14
2012-04-29 8:30,374,361,13
2012-04-29 8:31,376,363,13
2012-04-29 8:32,377,365,12
2012-04-29 8:33,379,367,12
2012-04-29 8:34,381,369,12
2012-04-29 8:35,383,371,12
2012-04-29 8:36,385,373,12
2012-04-29 8:37,387,375,12
2012-04-29 8:38,389,377,12
2012-04-29 8:39,390,379,11
2012-04-29 8:40,392,381,11
2012-04-29 8:41,394,384,10
2012-04-29 8:42,396,386,10
2012-04-29 8:43,397,388,9
2012-04-29 8:44,399,390,9
2012-04-29 8:45,401,392,9
2012-04-29 8:46,403,394,9
2012-04-29 8:47,405,396,9
2012-04-29 8:48,407,398,9
2012-04-29 8:49,409,400,9
2012-04-29 8:50,410,402,8
2012-04-29 8:51,412,404,8
2012-04-29 8:52,414,406,8
2012-04-29 8:53,416,408,8
2012-04-29 8:54,418,410,8
2012-04-29 8:55,420,412,8
2012-04-29 8:56,421,414,7
2012-04-29 8:57,423,416,7
2012-04-29 8:58,425,418,7
2012-04-29 8:59,427,420,7
2012-04-29 9:00,428,421,7
2012-04-29 9:01,430,423,7
2012-04-29 9:02,432,425,7
2012-04-29 9:03,434,427,7
2012-04-29 9:04,435,429,6
2012-04-29 9:05,437,431,6
2012-04-29 9:06,439,433,6
2012-04-29 9:07,441,435,6
2012-04-29 9:08,442,437,5
2012-04-29 9:09,444,439,5
2012-04-29 9:10,446,440,6
2012-04-29 9:11,448,442,6
2012-04-29 9:12,449,444,5
2012-04-29 9:13,450,446,4
2012-04-29 9:14,452,448,4
2012-04-29 9:15,454,449,5
2012-04-29 9:16,455,451,4
2012-04-29 9:17,456,453,3
2012-04-29 9:18,458,455,3
2012-04-29 9:19,459,457,2
2012-04-29 9:20,461,458,3
2012-04-29 9:21,462,460,2
2012-04-29 9:22,464,462,2
2012-04-29 9:23,465,463,2
2012-04-29 9:24,466,465,1
2012-04-29 9:25,467,467,0
2012-04-29 9:26,468,468,0
2012-04-29 9:27,469,470,-1
2012-04-29 9:28,471,472,-1
2012-04-29 9:29,472,473,-1
2012-04-29 9:30,474,475,-1
2012-04-29 9:31,476,477,-1
2012-04-29 9:32,477,478,-1
2012-04-29 9:33,478,480,-2
2012-04-29 9:34,479,481,-2
2012-04-29 9:35,481,483,-2
2012-04-29 9:36,482,484,-2
2012-04-29 9:37,483,486,-3
2012-04-29 9:38,484,487,-3
2012-04-29 9:39,485,489,-4
2012-04-29 9:40,487,490,-3
2012-04-29 9:41,488,492,-4
2012-04-29 9:42,489,493,-4
2012-04-29 9:43,490,494,-4
2012-04-29 9:44,491,496,-5
2012-04-29 9:45,493,497,-4
2012-04-29 9:46,494,499,-5
2012-04-29 9:47,495,500,-5
2012-04-29 9:48,496,501,-5
2012-04-29 9:49,497,503,-6
2012-04-29 9:50,499,504,-5
2012-04-29 9:51,500,505,-5
2012-04-29 9:52,501,506,-5
2012-04-29 9:53,502,508,-6
2012-04-29 9:54,503,509,-6
2012-04-29 9:55,504,510,-6
2012-04-29 9:56,505,511,-6
2012-04-29 9:57,506,512,-6
2012-04-29 9:58,507,513,-6
2012-04-29 9:59,508,515,-7
2012-04-29 10:00,508,516,-8
2012-04-29 10:01,509,517,-8
2012-04-29 10:02,510,518,-8
2012-04-29 10:03,511,519,-8
2012-04-29 10:04,512,520,-8
2012-04-29 10:05,512,521,-9
2012-04-29 10:06,513,522,-9
2012-04-29 10:07,514,523,-9
2012-04-29 10:08,514,524,-10
2012-04-29 10:09,515,525,-10
2012-04-29 10:10,516,526,-10
2012-04-29 10:11,517,527,-10
2012-04-29 10:12,517,528,-11
2012-04-29 10:13,518,528,-10
2012-04-29 10:14,519,529,-10
2012-04-29 10:15,519,530,-11
2012-04-29 10:16,520,531,-11
2012-04-29 10:17,520,532,-12
2012-04-29 10:18,521,532,-11
2012-04-29 10:19,521,533,-12
2012-04-29 10:20,522,534,-12
2012-04-29 10:21,522,535,-13
2012-04-29 10:22,523,535,-12
2012-04-29 10:23,523,536,-13
2012-04-29 10:24,523,536,-13
2012-04-29 10:25,524,537,-13
2012-04-29 10:26,524,538,-14
2012-04-29 10:27,524,538,-14
2012-04-29 10:28,524,539,-15
2012-04-29 10:29,525,539,-14
2012-04-29 10:30,525,540,-15
2012-04-29 10:31,526,540,-14
2012-04-29 10:32,526,541,-15
2012-04-29 10:33,526,541,-15
2012-04-29 10:34,526,542,-16
2012-04-29 10:35,526,542,-16
2012-04-29 10:36,527,542,-15
2012-04-29 10:37,527,543,-16
2012-04-29 10:38,527,543,-16
2012-04-29 10:39,527,543,-16
2012-04-29 10:40,527,544,-17
2012-04-29 10:41,527,544,-17
2012-04-29 10:42,527,544,-17
2012-04-29 10:43,527,545,-18
2012-04-29 10:44,527,545,-18
2012-04-29 10:45,527,545,-18
2012-04-29 10:46,527,545,-18
2012-04-29 10:47,527,545,-18
2012-04-29 10:48,526,545,-19
2012-04-29 10:49,526,546,-20
2012-04-29 10:50,526,546,-20
2012-04-29 10:51,526,546,-20
2012-04-29 10:52,526,546,-20
2012-04-29 10:53,525,546,-21
2012-04-29 10:54,525,546,-21
2012-04-29 10:55,525,546,-21
2012-04-29 10:56,525,546,-21
2012-04-29 10:57,524,546,-22
2012-04-29 10:58,524,546,-22
2012-04-29 10:59,524,546,-22
2012-04-29 11:00,523,545,-22
2012-04-29 11:01,523,545,-22
2012-04-29 11:02,523,545,-22
2012-04-29 11:03,522,545,-23
2012-04-29 11:04,522,545,-23
2012-04-29 11:05,521,545,-24
2012-04-29 11:06,521,544,-23
2012-04-29 11:07,520,544,-24
2012-04-29 11:08,520,544,-24
2012-04-29 11:09,519,544,-25
2012-04-29 11:10,519,543,-24
2012-04-29 11:11,518,543,-25
2012-04-29 11:12,518,543,-25
2012-04-29 11:13,517,542,-25
2012-04-29 11:14,517,542,-25
2012-04-29 11:15,516,541,-25
2012-04-29 11:16,516,541,-25
2012-04-29 11:17,515,541,-26
2012-04-29 11:18,514,540,-26
2012-04-29 11:19,514,540,-26
2012-04-29 11:20,513,539,-26
2012-04-29 11:21,512,539,-27
2012-04-29 11:22,511,538,-27
2012-04-29 11:23,511,538,-27
2012-04-29 11:24,510,537,-27
2012-04-29 11:25,509,536,-27
2012-04-29 11:26,508,536,-28
2012-04-29 11:27,508,535,-27
2012-04-29 11:28,507,535,-28
2012-04-29 11:29,506,534,-28
2012-04-29 11:30,505,533,-28
2012-04-29 11:31,504,533,-29
2012-04-29 11:32,503,532,-29
2012-04-29 11:33,502,531,-29
2012-04-29 11:34,502,530,-28
2012-04-29 11:35,501,530,-29
2012-04-29 11:36,500,529,-29
2012-04-29 11:37,499,528,-29
2012-04-29 11:38,498,527,-29
2012-04-29 11:39,497,527,-30
2012-04-29 11:40,496,526,-30
2012-04-29 11:41,495,525,-30
2012-04-29 11:42,494,524,-30
2012-04-29 11:43,493,523,-30
2012-04-29 11:44,492,522,-30
2012-04-29 11:45,491,521,-30
2012-04-29 11:46,489,521,-32
2012-04-29 11:47,489,520,-31
2012-04-29 11:48,488,519,-31
2012-04-29 11:49,487,518,-31
2012-04-29 11:50,486,517,-31
2012-04-29 11:51,485,516,-31
2012-04-29 11:52,484,515,-31
2012-04-29 11:53,483,514,-31
2012-04-29 11:54,482,513,-31
2012-04-29 11:55,481,512,-31
2012-04-29 11:56,480,511,-31
2012-04-29 11:57,479,510,-31
2012-04-29 11:58,478,509,-31
2012-04-29 11:59,477,508,-31
2012-04-29 12:00,475,506,-31
2012-04-29 12:01,474,505,-31
2012-04-29 12:02,473,504,-31
2012-04-29 12:03,472,503,-31
2012-04-29 12:04,471,502,-31
2012-04-29 12:05,470,501,-31
2012-04-29 12:06,469,500,-31
2012-04-29 12:07,468,499,-31
2012-04-29 12:08,467,497,-30
2012-04-29 12:09,465,496,-31
2012-04-29 12:10,464,495,-31
2012-04-29 12:11,463,494,-31
2012-04-29 12:12,462,493,-31
2012-04-29 12:13,461,491,-30
2012-04-29 12:14,459,490,-31
2012-04-29 12:15,458,489,-31
2012-04-29 12:16,457,488,-31
2012-04-29 12:17,456,486,-30
2012-04-29 12:18,455,485,-30
2012-04-29 12:19,454,484,-30
2012-04-29 12:20,452,483,-31
2012-04-29 12:21,451,481,-30
2012-04-29 12:22,450,480,-30
2012-04-29 12:23,449,479,-30
2012-04-29 12:24,448,477,-29
2012-04-29 12:25,446,476,-30
2012-04-29 12:26,445,475,-30
2012-04-29 12:27,444,473,-29
2012-04-29 12:28,442,472,-30
2012-04-29 12:29,441,471,-30
2012-04-29 12:30,440,469,-29
2012-04-29 12:31,439,468,-29
2012-04-29 12:32,437,467,-30
2012-04-29 12:33,436,465,-29
2012-04-29 12:34,435,464,-29
2012-04-29 12:35,433,462,-29
2012-04-29 12:36,432,461,-29
2012-04-29 12:37,431,460,-29
2012-04-29 12:38,430,458,-28
2012-04-29 12:39,428,457,-29
2012-04-29 12:40,427,455,-28
2012-04-29 12:41,426,454,-28
2012-04-29 12:42,425,453,-28
2012-04-29 12:43,424,451,-27
2012-04-29 12:44,422,450,-28
2012-04-29 12:45,421,448,-27
2012-04-29 12:46,420,447,-27
2012-04-29 12:47,418,445,-27
2012-04-29 12:48,417,444,-27
2012-04-29 12:49,416,443,-27
2012-04-29 12:50,415,441,-26
2012-04-29 12:51,413,440,-27
2012-04-29 12:52,412,438,-26
2012-04-29 12:53,411,437,-26
2012-04-29 12:54,410,435,-25
2012-04-29 12:55,409,434,-25
2012-04-29 12:56,408,432,-24
2012-04-29 12:57,406,431,-25
2012-04-29 12:58,405,429,-24
2012-04-29 12:59,404,428,-24
2012-04-29 13:00,402,427,-25
2012-04-29 13:01,401,425,-24
2012-04-29 13:02,400,424,-24
2012-04-29 13:03,399,422,-23
2012-04-29 13:04,397,421,-24
2012-04-29 13:05,396,419,-23
2012-04-29 13:06,395,418,-23
2012-04-29 13:07,394,416,-22
2012-04-29 13:08,393,415,-22
2012-04-29 13:09,391,413,-22
2012-04-29 13:10,390,412,-22
2012-04-29 13:11,389,410,-21
2012-04-29 13:12,387,409,-22
2012-04-29 13:13,386,407,-21
2012-04-29 13:14,385,406,-21
2012-04-29 13:15,383,404,-21
2012-04-29 13:16,382,403,-21
2012-04-29 13:17,381,401,-20
2012-04-29 13:18,380,400,-20
2012-04-29 13:19,378,398,-20
2012-04-29 13:20,377,397,-20
2012-04-29 13:21,376,395,-19
2012-04-29 13:22,375,394,-19
2012-04-29 13:23,374,392,-18
2012-04-29 13:24,372,391,-19
2012-04-29 13:25,371,389,-18
2012-04-29 13:26,370,388,-18
2012-04-29 13:27,369,386,-17
2012-04-29 13:28,367,385,-18
2012-04-29 13:29,366,383,-17
2012-04-29 13:30,365,382,-17
2012-04-29 13:31,364,380,-16
2012-04-29 13:32,363,379,-16
2012-04-29 13:33,361,377,-16
2012-04-29 13:34,360,376,-16
2012-04-29 13:35,359,374,-15
2012-04-29 13:36,358,373,-15
2012-04-29 13:37,357,371,-14
2012-04-29 13:38,356,370,-14
2012-04-29 13:39,355,368,-13
2012-04-29 13:40,353,367,-14
2012-04-29 13:41,352,365,-13
2012-04-29 13:42,351,364,-13
2012-04-29 13:43,350,363,-13
2012-04-29 13:44,349,361,-12
2012-04-29 13:45,348,360,-12
2012-04-29 13:46,346,358,-12
2012-04-29 13:47,345,357,-12
2012-04-29 13:48,344,355,-11
2012-04-29 13:49,343,354,-11
2012-04-29 13:50,341,352,-11
2012-04-29 13:51,340,351,-11
2012-04-29 13:52,339,349,-10
2012-04-29 13:53,338,348,-10
2012-04-29 13:54,337,346,-9
2012-04-29 13:55,336,345,-9
2012-04-29 13:56,335,344,-9
2012-04-29 13:57,334,342,-8
2012-04-29 13:58,332,341,-9
2012-04-29 13:59,331,339,-8
2012-04-29 14:00,330,338,-8
2012-04-29 14:01,329,336,-7
2012-04-29 14:02,327,335,-8
2012-04-29 14:03,326,333,-7
2012-04-29 14:04,325,332,-7
2012-04-29 14:05,324,331,-7
2012-04-29 14:06,323,329,-6
2012-04-29 14:07,322,328,-6
2012-04-29 14:08,320,326,-6
2012-04-29 14:09,319,325,-6
2012-04-29 14:10,318,324,-6
2012-04-29 14:11,317,322,-5
2012-04-29 14:12,316,321,-5
2012-04-29 14:13,315,319,-4
2012-04-29 14:14,314,318,-4
2012-04-29 14:15,312,317,-5
2012-04-29 14:16,311,315,-4
2012-04-29 14:17,310,314,-4
2012-04-29 14:18,309,312,-3
2012-04-29 14:19,308,311,-3
2012-04-29 14:20,307,310,-3
2012-04-29 14:21,305,308,-3
2012-04-29 14:22,304,307,-3
2012-04-29 14:23,303,305,-2
2012-04-29 14:24,302,304,-2
2012-04-29 14:25,301,303,-2
2012-04-29 14:26,300,301,-1
2012-04-29 14:27,299,300,-1
2012-04-29 14:28,298,299,-1
2012-04-29 14:29,297,297,0
2012-04-29 14:30,295,296,-1
2012-04-29 14:31,294,295,-1
2012-04-29 14:32,293,293,0
2012-04-29 14:33,292,292,0
2012-04-29 14:34,291,291,0
2012-04-29 14:35,290,289,1
2012-04-29 14:36,289,288,1
2012-04-29 14:37,288,287,1
2012-04-29 14:38,286,285,1
2012-04-29 14:39,285,284,1
2012-04-29 14:40,284,283,1
2012-04-29 14:41,283,281,2
2012-04-29 14:42,282,280,2
2012-04-29 14:43,281,279,2
2012-04-29 14:44,280,278,2
2012-04-29 14:45,279,276,3
2012-04-29 14:46,278,275,3
2012-04-29 14:47,277,274,3
2012-04-29 14:48,276,272,4
2012-04-29 14:49,275,271,4
2012-04-29 14:50,274,270,4
2012-04-29 14:51,273,269,4
2012-04-29 14:52,272,267,5
2012-04-29 14:53,271,266,5
2012-04-29 14:54,269,265,4
2012-04-29 14:55,268,264,4
2012-04-29 14:56,267,262,5
2012-04-29 14:57,266,261,5
2012-04-29 14:58,265,260,5
2012-04-29 14:59,264,259,5
2012-04-29 15:00,263,257,6
2012-04-29 15:01,262,256,6
2012-04-29 15:02,261,255,6
2012-04-29 15:03,260,254,6
2012-04-29 15:04,259,252,7
2012-04-29 15:05,258,251,7
2012-04-29 15:06,257,250,7
2012-04-29 15:07,256,249,7
2012-04-29 15:08,255,248,7
2012-04-29 15:09,253,246,7
2012-04-29 15:10,253,245,8
2012-04-29 15:11,251,244,7
2012-04-29 15:12,251,243,8
2012-04-29 15:13,249,242,7
2012-04-29 15:14,248,241,7
2012-04-29 15:15,247,239,8
2012-04-29 15:16,246,238,8
2012-04-29 15:17,245,237,8
2012-04-29 15:18,244,236,8
2012-04-29 15:19,243,235,8
2012-04-29 15:20,242,234,8
2012-04-29 15:21,241,233,8
2012-04-29 15:22,240,231,9
2012-04-29 15:23,239,230,9
2012-04-29 15:24,238,229,9
2012-04-29 15:25,237,228,9
2012-04-29 15:26,236,227,9
2012-04-29 15:27,235,226,9
2012-04-29 15:28,234,225,9
2012-04-29 15:29,233,224,9
2012-04-29 15:30,232,223,9
2012-04-29 15:31,231,222,9
2012-04-29 15:32,230,220,10
2012-04-29 15:33,229,219,10
2012-04-29 15:34,228,218,10
2012-04-29 15:35,227,217,10
2012-04-29 15:36,226,216,10
2012-04-29 15:37,226,215,11
2012-04-29 15:38,225,214,11
2012-04-29 15:39,224,213,11
2012-04-29 15:40,223,212,11
2012-04-29 15:41,222,211,11
2012-04-29 15:42,221,210,11
2012-04-29 15:43,220,209,11
2012-04-29 15:44,219,208,11
2012-04-29 15:45,218,207,11
2012-04-29 15:46,217,206,11
2012-04-29 15:47,216,205,11
2012-04-29 15:48,215,204,11
2012-04-29 15:49,214,203,11
2012-04-29 15:50,214,202,12
2012-04-29 15:51,213,201,12
2012-04-29 15:52,212,200,12
2012-04-29 15:53,211,199,12
2012-04-29 15:54,210,198,12
2012-04-29 15:55,209,197,12
2012-04-29 15:56,208,197,11
2012-04-29 15:57,207,196,11
2012-04-29 15:58,207,195,12
2012-04-29 15:59,206,194,12
2012-04-29 16:00,205,193,12
2012-04-29 16:01,204,192,12
2012-04-29 16:02,203,191,12
2012-04-29 16:03,202,190,12
2012-04-29 16:04,202,189,13
2012-04-29 16:05,201,189,12
2012-04-29 16:06,200,188,12
2012-04-29 16:07,199,187,12
2012-04-29 16:08,199,186,13
2012-04-29 16:09,198,185,13
2012-04-29 16:10,197,184,13
2012-04-29 16:11,196,184,12
2012-04-29 16:12,195,183,12
2012-04-29 16:13,194,182,12
2012-04-29 16:14,194,181,13
2012-04-29 16:15,193,180,13
2012-04-29 16:16,192,180,12
2012-04-29 16:17,191,179,12
2012-04-29 16:18,191,178,13
2012-04-29 16:19,190,177,13
2012-04-29 16:20,189,177,12
2012-04-29 16:21,188,176,12
2012-04-29 16:22,188,175,13
2012-04-29 16:23,187,174,13
2012-04-29 16:24,186,174,12
2012-04-29 16:25,186,173,13
2012-04-29 16:26,185,172,13
2012-04-29 16:27,184,172,12
2012-04-29 16:28,183,171,12
2012-04-29 16:29,183,170,13
2012-04-29 16:30,182,170,12
2012-04-29 16:31,181,169,12
2012-04-29 16:32,181,168,13
2012-04-29 16:33,180,168,12
2012-04-29 16:34,179,167,12
2012-04-29 16:35,178,166,12
2012-04-29 16:36,178,166,12
2012-04-29 16:37,177,165,12
2012-04-29 16:38,176,165,11
2012-04-29 16:39,176,164,12
2012-04-29 16:40,175,164,11
2012-04-29 16:41,174,163,11
2012-04-29 16:42,173,162,11
2012-04-29 16:43,173,162,11
2012-04-29 16:44,172,161,11
2012-04-29 16:45,172,161,11
2012-04-29 16:46,171,160,11
2012-04-29 16:47,170,160,10
2012-04-29 16:48,170,159,11
2012-04-29 16:49,169,159,10
2012-04-29 16:50,168,158,10
2012-04-29 16:51,168,158,10
2012-04-29 16:52,167,157,10
2012-04-29 16:53,166,157,9
2012-04-29 16:54,166,157,9
2012-04-29 16:55,165,156,9
2012-04-29 16:56,165,156,9
2012-04-29 16:57,164,155,9
2012-04-29 16:58,163,155,8
2012-04-29 16:59,162,154,8
2012-04-29 17:00,162,154,8
2012-04-29 17:01,161,154,7
2012-04-29 17:02,161,153,8
2012-04-29 17:03,160,153,7
2012-04-29 17:04,159,153,6
2012-04-29 17:05,159,152,7
2012-04-29 17:06,158,152,6
2012-04-29 17:07,158,152,6
2012-04-29 17:08,157,151,6
2012-04-29 17:09,156,151,5
2012-04-29 17:10,156,151,5
2012-04-29 17:11,155,151,4
2012-04-29 17:12,155,150,5
2012-04-29 17:13,154,150,4
2012-04-29 17:14,154,150,4
2012-04-29 17:15,153,150,3
2012-04-29 17:16,153,149,4
2012-04-29 17:17,152,149,3
2012-04-29 17:18,151,149,2
2012-04-29 17:19,151,149,2
2012-04-29 17:20,150,149,1
2012-04-29 17:21,150,148,2
2012-04-29 17:22,149,148,1
2012-04-29 17:23,149,148,1
2012-04-29 17:24,148,148,0
2012-04-29 17:25,148,148,0
2012-04-29 17:26,147,148,-1
2012-04-29 17:27,147,148,-1
2012-04-29 17:28,146,148,-2
2012-04-29 17:29,146,148,-2
2012-04-29 17:30,146,147,-1
2012-04-29 17:31,145,147,-2
2012-04-29 17:32,145,147,-2
2012-04-29 17:33,145,147,-2
2012-04-29 17:34,144,147,-3
2012-04-29 17:35,144,147,-3
2012-04-29 17:36,143,147,-4
2012-04-29 17:37,143,147,-4
2012-04-29 17:38,143,147,-4
2012-04-29 17:39,142,147,-5
2012-04-29 17:40,142,147,-5
2012-04-29 17:41,142,147,-5
2012-04-29 17:42,142,147,-5
2012-04-29 17:43,141,147,-6
2012-04-29 17:44,141,148,-7
2012-04-29 17:45,141,148,-7
2012-04-29 17:46,141,148,-7
2012-04-29 17:47,141,148,-7
2012-04-29 17:48,141,148,-7
2012-04-29 17:49,141,148,-7
2012-04-29 17:50,141,148,-7
2012-04-29 17:51,141,148,-7
2012-04-29 17:52,141,149,-8
2012-04-29 17:53,140,149,-9
2012-04-29 17:54,140,149,-9
2012-04-29 17:55,140,149,-9
2012-04-29 17:56,140,149,-9
2012-04-29 17:57,141,150,-9
2012-04-29 17:58,141,150,-9
2012-04-29 17:59,141,150,-9
2012-04-29 18:00,142,150,-8
2012-04-29 18:01,142,150,-8
2012-04-29 18:02,142,151,-9
2012-04-29 18:03,142,151,-9
2012-04-29 18:04,143,151,-8
2012-04-29 18:05,144,152,-8
2012-04-29 18:06,144,152,-8
2012-04-29 18:07,144,152,-8
2012-04-29 18:08,145,153,-8
2012-04-29 18:09,145,153,-8
2012-04-29 18:10,145,153,-8
2012-04-29 18:11,146,154,-8
2012-04-29 18:12,147,154,-7
2012-04-29 18:13,148,154,-6
2012-04-29 18:14,149,155,-6
2012-04-29 18:15,150,155,-5
2012-04-29 18:16,151,156,-5
2012-04-29 18:17,151,156,-5
2012-04-29 18:18,152,156,-4
2012-04-29 18:19,153,157,-4
2012-04-29 18:20,155,157,-2
2012-04-29 18:21,156,158,-2
2012-04-29 18:22,157,158,-1
2012-04-29 18:23,157,159,-2
2012-04-29 18:24,158,159,-1
2012-04-29 18:25,159,160,-1
2012-04-29 18:26,161,160,1
2012-04-29 18:27,162,161,1
2012-04-29 18:28,163,161,2
2012-04-29 18:29,165,162,3
2012-04-29 18:30,165,162,3
2012-04-29 18:31,166,163,3
2012-04-29 18:32,168,164,4
2012-04-29 18:33,169,164,5
2012-04-29 18:34,170,165,5
2012-04-29 18:35,171,165,6
2012-04-29 18:36,173,166,7
2012-04-29 18:37,174,167,7
2012-04-29 18:38,175,167,8
2012-04-29 18:39,176,168,8
2012-04-29 18:40,177,169,8
2012-04-29 18:41,178,169,9
2012-04-29 18:42,179,170,9
2012-04-29 18:43,181,171,10
2012-04-29 18:44,182,171,11
2012-04-29 18:45,183,172,11
2012-04-29 18:46,184,173,11
2012-04-29 18:47,185,173,12
2012-04-29 18:48,185,174,11
2012-04-29 18:49,186,175,11
2012-04-29 18:50,187,176,11
2012-04-29 18:51,187,176,11
2012-04-29 18:52,188,177,11
2012-04-29 18:53,188,178,10
2012-04-29 18:54,189,179,10
2012-04-29 18:55,190,179,11
2012-04-29 18:56,190,180,10
2012-04-29 18:57,191,181,10
2012-04-29 18:58,192,182,10
2012-04-29 18:59,192,183,9
2012-04-29 19:00,193,184,9
2012-04-29 19:01,194,184,10
2012-04-29 19:02,195,185,10
2012-04-29 19:03,195,186,9
2012-04-29 19:04,196,187,9
2012-04-29 19:05,197,188,9
2012-04-29 19:06,197,189,8
2012-04-29 19:07,198,190,8
2012-04-29 19:08,198,191,7
2012-04-29 19:09,199,192,7
2012-04-29 19:10,200,192,8
2012-04-29 19:11,201,193,8
2012-04-29 19:12,201,194,7
2012-04-29 19:13,202,195,7
2012-04-29 19:14,203,196,7
2012-04-29 19:15,203,197,6
2012-04-29 19:16,204,198,6
2012-04-29 19:17,205,199,6
2012-04-29 19:18,206,200,6
2012-04-29 19:19,207,201,6
2012-04-29 19:20,207,202,5
2012-04-29 19:21,208,203,5
2012-04-29 19:22,209,204,5
2012-04-29 19:23,210,205,5
2012-04-29 19:24,211,206,5
2012-04-29 19:25,212,207,5
2012-04-29 19:26,213,209,4
2012-04-29 19:27,214,210,4
2012-04-29 19:28,215,211,4
2012-04-29 19:29,217,212,5
2012-04-29 19:30,218,213,5
2012-04-29 19:31,219,214,5
2012-04-29 19:32,220,215,5
2012-04-29 19:33,221,216,5
2012-04-29 19:34,223,217,6
2012-04-29 19:35,224,218,6
2012-04-29 19:36,225,220,5
2012-04-29 19:37,227,221,6
2012-04-29 19:38,228,222,6
2012-04-29 19:39,229,223,6
2012-04-29 19:40,231,224,7
2012-04-29 19:41,233,225,8
2012-04-29 19:42,234,227,7
2012-04-29 19:43,236,228,8
2012-04-29 19:44,238,229,9
2012-04-29 19:45,239,230,9
2012-04-29 19:46,241,231,10
2012-04-29 19:47,242,233,9
2012-04-29 19:48,244,234,10
2012-04-29 19:49,245,235,10
2012-04-29 19:50,247,236,11
2012-04-29 19:51,249,238,11
2012-04-29 19:52,251,239,12
2012-04-29 19:53,252,240,12
2012-04-29 19:54,254,241,13
2012-04-29 19:55,255,243,12
2012-04-29 19:56,257,244,13
2012-04-29 19:57,258,245,13
2012-04-29 19:58,260,246,14
2012-04-29 19:59,261,248,13
2012-04-29 20:00,263,249,14
2012-04-29 20:01,264,250,14
2012-04-29 20:02,266,252,14
2012-04-29 20:03,267,253,14
2012-04-29 20:04,269,254,15
2012-04-29 20:05,270,256,14
2012-04-29 20:06,272,257,15
2012-04-29 20:07,273,258,15
2012-04-29 20:08,275,260,15
2012-04-29 20:09,277,261,16
2012-04-29 20:10,278,262,16
2012-04-29 20:11,279,264,15
2012-04-29 20:12,281,265,16
2012-04-29 20:13,283,266,17
2012-04-29 20:14,284,268,16
2012-04-29 20:15,286,269,17
2012-04-29 20:16,287,270,17
2012-04-29 20:17,289,272,17
2012-04-29 20:18,290,273,17
2012-04-29 20:19,292,275,17
2012-04-29 20:20,294,276,18
2012-04-29 20:21,295,277,18
2012-04-29 20:22,297,279,18
2012-04-29 20:23,298,280,18
2012-04-29 20:24,300,281,19
2012-04-29 20:25,301,283,18
2012-04-29 20:26,303,284,19
2012-04-29 20:27,304,286,18
2012-04-29 20:28,306,287,19
2012-04-29 20:29,307,289,18
2012-04-29 20:30,309,290,19
2012-04-29 20:31,310,291,19
2012-04-29 20:32,312,293,19
2012-04-29 20:33,313,294,19
2012-04-29 20:34,315,296,19
2012-04-29 20:35,316,297,19
2012-04-29 20:36,318,298,20
2012-04-29 20:37,319,300,19
2012-04-29 20:38,320,301,19
2012-04-29 20:39,322,303,19
2012-04-29 20:40,323,304,19
2012-04-29 20:41,325,306,19
2012-04-29 20:42,326,307,19
2012-04-29 20:43,328,309,19
2012-04-29 20:44,329,310,19
2012-04-29 20:45,331,311,20
2012-04-29 20:46,332,313,19
2012-04-29 20:47,334,314,20
2012-04-29 20:48,335,316,19
2012-04-29 20:49,337,317,20
2012-04-29 20:50,338,319,19
2012-04-29 20:51,340,320,20
2012-04-29 20:52,341,321,20
2012-04-29 20:53,343,323,20
2012-04-29 20:54,345,324,21
2012-04-29 20:55,346,326,20
2012-04-29 20:56,348,327,21
2012-04-29 20:57,349,329,20
2012-04-29 20:58,351,330,21
2012-04-29 20:59,352,332,20
2012-04-29 21:00,354,333,21
2012-04-29 21:01,355,334,21
2012-04-29 21:02,357,336,21
2012-04-29 21:03,359,337,22
2012-04-29 21:04,360,339,21
2012-04-29 21:05,362,340,22
2012-04-29 21:06,363,342,21
2012-04-29 21:07,365,343,22
2012-04-29 21:08,366,344,22
2012-04-29 21:09,368,346,22
2012-04-29 21:10,369,347,22
2012-04-29 21:11,371,349,22
2012-04-29 21:12,372,350,22
2012-04-29 21:13,374,351,23
2012-04-29 21:14,375,353,22
2012-04-29 21:15,377,354,23
2012-04-29 21:16,379,356,23
2012-04-29 21:17,380,357,23
2012-04-29 21:18,381,358,23
2012-04-29 21:19,383,360,23
2012-04-29 21:20,384,361,23
2012-04-29 21:21,386,362,24
2012-04-29 21:22,387,364,23
2012-04-29 21:23,389,365,24
2012-04-29 21:24,390,366,24
2012-04-29 21:25,391,368,23
2012-04-29 21:26,393,369,24
2012-04-29 21:27,394,370,24
2012-04-29 21:28,395,372,23
2012-04-29 21:29,397,373,24
2012-04-29 21:30,398,374,24
2012-04-29 21:31,399,376,23
2012-04-29 21:32,400,377,23
2012-04-29 21:33,401,378,23
2012-04-29 21:34,403,380,23
2012-04-29 21:35,404,381,23
2012-04-29 21:36,405,382,23
2012-04-29 21:37,406,383,23
2012-04-29 21:38,407,385,22
2012-04-29 21:39,409,386,23
2012-04-29 21:40,410,387,23
2012-04-29 21:41,411,388,23
2012-04-29 21:42,412,390,22
2012-04-29 21:43,413,391,22
2012-04-29 21:44,414,392,22
2012-04-29 21:45,415,393,22
2012-04-29 21:46,416,394,22
2012-04-29 21:47,417,396,21
2012-04-29 21:48,418,397,21
2012-04-29 21:49,419,398,21
2012-04-29 21:50,420,399,21
2012-04-29 21:51,421,400,21
2012-04-29 21:52,422,401,21
2012-04-29 21:53,423,403,20
2012-04-29 21:54,424,404,20
2012-04-29 21:55,425,405,20
2012-04-29 21:56,426,406,20
2012-04-29 21:57,427,407,20
2012-04-29 21:58,428,408,20
2012-04-29 21:59,429,409,20
2012-04-29 22:00,430,410,20
2012-04-29 22:01,430,411,19
2012-04-29 22:02,431,412,19
2012-04-29 22:03,432,413,19
2012-04-29 22:04,433,414,19
2012-04-29 22:05,433,415,18
2012-04-29 22:06,434,416,18
2012-04-29 22:07,435,417,18
2012-04-29 22:08,435,418,17
2012-04-29 22:09,436,419,17
2012-04-29 22:10,437,420,17
2012-04-29 22:11,437,421,16
2012-04-29 22:12,438,422,16
2012-04-29 22:13,439,423,16
2012-04-29 22:14,439,424,15
2012-04-29 22:15,440,425,15
2012-04-29 22:16,440,426,14
2012-04-29 22:17,441,427,14
2012-04-29 22:18,441,427,14
2012-04-29 22:19,442,428,14
2012-04-29 22:20,442,429,13
2012-04-29 22:21,443,430,13
2012-04-29 22:22,444,431,13
2012-04-29 22:23,445,431,14
2012-04-29 22:24,445,432,13
2012-04-29 22:25,446,433,13
2012-04-29 22:26,447,434,13
2012-04-29 22:27,447,434,13
2012-04-29 22:28,448,435,13
2012-04-29 22:29,449,436,13
2012-04-29 22:30,450,437,13
2012-04-29 22:31,450,437,13
2012-04-29 22:32,451,438,13
2012-04-29 22:33,452,439,13
2012-04-29 22:34,453,439,14
2012-04-29 22:35,453,440,13
2012-04-29 22:36,454,440,14
2012-04-29 22:37,455,441,14
2012-04-29 22:38,456,442,14
2012-04-29 22:39,456,442,14
2012-04-29 22:40,456,443,13
2012-04-29 22:41,457,443,14
2012-04-29 22:42,457,444,13
2012-04-29 22:43,458,444,14
2012-04-29 22:44,459,445,14
2012-04-29 22:45,459,445,14
2012-04-29 22:46,459,446,13
2012-04-29 22:47,460,446,14
2012-04-29 22:48,460,447,13
2012-04-29 22:49,460,447,13
2012-04-29 22:50,461,447,14
2012-04-29 22:51,461,448,13
2012-04-29 22:52,461,448,13
2012-04-29 22:53,461,449,12
2012-04-29 22:54,461,449,12
2012-04-29 22:55,461,449,12
2012-04-29 22:56,461,449,12
2012-04-29 22:57,461,450,11
2012-04-29 22:58,461,450,11
2012-04-29 22:59,461,450,11
2012-04-29 23:00,461,451,10
2012-04-29 23:01,461,451,10
2012-04-29 23:02,461,451,10
2012-04-29 23:03,461,451,10
2012-04-29 23:04,461,451,10
2012-04-29 23:05,460,452,8
2012-04-29 23:06,460,452,8
2012-04-29 23:07,460,452,8
2012-04-29 23:08,460,452,8
2012-04-29 23:09,460,452,8
2012-04-29 23:10,459,452,7
2012-04-29 23:11,459,452,7
2012-04-29 23:12,459,452,7
2012-04-29 23:13,459,452,7
2012-04-29 23:14,458,452,6
2012-04-29 23:15,457,452,5
2012-04-29 23:16,457,452,5
2012-04-29 23:17,457,452,5
2012-04-29 23:18,456,452,4
2012-04-29 23:19,456,452,4
2012-04-29 23:20,455,452,3
2012-04-29 23:21,455,452,3
2012-04-29 23:22,454,452,2
2012-04-29 23:23,454,452,2
2012-04-29 23:24,453,452,1
2012-04-29 23:25,453,452,1
2012-04-29 23:26,452,452,0
2012-04-29 23:27,451,452,-1
2012-04-29 23:28,451,451,0
2012-04-29 23:29,450,451,-1
2012-04-29 23:30,450,451,-1
2012-04-29 23:31,450,451,-1
2012-04-29 23:32,449,451,-2
2012-04-29 23:33,448,450,-2
2012-04-29 23:34,448,450,-2
2012-04-29 23:35,447,450,-3
2012-04-29 23:36,447,449,-2
2012-04-29 23:37,446,449,-3
2012-04-29 23:38,446,449,-3
2012-04-29 23:39,445,449,-4
2012-04-29 23:40,445,448,-3
2012-04-29 23:41,444,448,-4
2012-04-29 23:42,443,447,-4
2012-04-29 23:43,442,447,-5
2012-04-29 23:44,442,447,-5
2012-04-29 23:45,441,446,-5
2012-04-29 23:46,441,446,-5
2012-04-29 23:47,440,445,-5
2012-04-29 23:48,439,445,-6
2012-04-29 23:49,439,444,-5
2012-04-29 23:50,438,444,-6
2012-04-29 23:51,437,443,-6
2012-04-29 23:52,436,443,-7
2012-04-29 23:53,436,442,-6
2012-04-29 23:54,435,442,-7
2012-04-29 23:55,434,441,-7
2012-04-29 23:56,433,441,-8
2012-04-29 23:57,433,440,-7
2012-04-29 23:58,432,440,-8
2012-04-29 23:59,431,439,-8
2012-04-30 0:00,430,438,-8
2012-04-30 0:01,429,438,-9
2012-04-30 0:02,428,437,-9
2012-04-30 0:03,427,437,-10
2012-04-30 0:04,426,436,-10
2012-04-30 0:05,425,435,-10
2012-04-30 0:06,424,435,-11
2012-04-30 0:07,423,434,-11
2012-04-30 0:08,422,433,-11
2012-04-30 0:09,421,432,-11
2012-04-30 0:10,420,432,-12
2012-04-30 0:11,419,431,-12
2012-04-30 0:12,418,430,-12
2012-04-30 0:13,417,429,-12
2012-04-30 0:14,416,429,-13
2012-04-30 0:15,415,428,-13
2012-04-30 0:16,414,427,-13
2012-04-30 0:17,413,426,-13
2012-04-30 0:18,412,426,-14
2012-04-30 0:19,411,425,-14
2012-04-30 0:20,410,424,-14
2012-04-30 0:21,409,423,-14
2012-04-30 0:22,408,422,-14
2012-04-30 0:23,407,421,-14
2012-04-30 0:24,406,420,-14
2012-04-30 0:25,405,420,-15
2012-04-30 0:26,404,419,-15
2012-04-30 0:27,403,418,-15
2012-04-30 0:28,402,417,-15
2012-04-30 0:29,401,416,-15
2012-04-30 0:30,400,415,-15
2012-04-30 0:31,399,414,-15
2012-04-30 0:32,398,413,-15
2012-04-30 0:33,397,412,-15
2012-04-30 0:34,395,411,-16
2012-04-30 0:35,394,410,-16
2012-04-30 0:36,393,409,-16
2012-04-30 0:37,392,408,-16
2012-04-30 0:38,391,407,-16
2012-04-30 0:39,390,406,-16
2012-04-30 0:40,389,405,-16
2012-04-30 0:41,387,404,-17
2012-04-30 0:42,386,403,-17
2012-04-30 0:43,385,402,-17
2012-04-30 0:44,384,401,-17
2012-04-30 0:45,383,400,-17
2012-04-30 0:46,382,399,-17
2012-04-30 0:47,380,398,-18
2012-04-30 0:48,379,397,-18
2012-04-30 0:49,378,396,-18
2012-04-30 0:50,377,395,-18
2012-04-30 0:51,376,394,-18
2012-04-30 0:52,375,393,-18
2012-04-30 0:53,374,392,-18
2012-04-30 0:54,373,390,-17
2012-04-30 0:55,371,389,-18
2012-04-30 0:56,370,388,-18
2012-04-30 0:57,369,387,-18
2012-04-30 0:58,368,386,-18
2012-04-30 0:59,367,385,-18
2012-04-30 1:00,366,384,-18
2012-04-30 1:01,364,383,-19
2012-04-30 1:02,363,381,-18
2012-04-30 1:03,362,380,-18
2012-04-30 1:04,361,379,-18
2012-04-30 1:05,360,378,-18
2012-04-30 1:06,359,377,-18
2012-04-30 1:07,358,376,-18
2012-04-30 1:08,357,374,-17
2012-04-30 1:09,356,373,-17
2012-04-30 1:10,355,372,-17
2012-04-30 1:11,354,371,-17
2012-04-30 1:12,353,370,-17
2012-04-30 1:13,351,368,-17
2012-04-30 1:14,350,367,-17
2012-04-30 1:15,349,366,-17
2012-04-30 1:16,348,365,-17
2012-04-30 1:17,347,364,-17
2012-04-30 1:18,346,362,-16
2012-04-30 1:19,344,361,-17
2012-04-30 1:20,343,360,-17
2012-04-30 1:21,342,359,-17
2012-04-30 1:22,341,357,-16
2012-04-30 1:23,340,356,-16
2012-04-30 1:24,338,355,-17
2012-04-30 1:25,337,354,-17
2012-04-30 1:26,336,353,-17
2012-04-30 1:27,335,351,-16
2012-04-30 1:28,334,350,-16
2012-04-30 1:29,333,349,-16
2012-04-30 1:30,331,348,-17
2012-04-30 1:31,330,346,-16
2012-04-30 1:32,329,345,-16
2012-04-30 1:33,328,344,-16
2012-04-30 1:34,327,343,-16
2012-04-30 1:35,325,341,-16
2012-04-30 1:36,324,340,-16
2012-04-30 1:37,323,339,-16
2012-04-30 1:38,322,337,-15
2012-04-30 1:39,321,336,-15
2012-04-30 1:40,319,335,-16
2012-04-30 1:41,318,334,-16
2012-04-30 1:42,317,332,-15
2012-04-30 1:43,316,331,-15
2012-04-30 1:44,315,330,-15
2012-04-30 1:45,314,328,-14
2012-04-30 1:46,312,327,-15
2012-04-30 1:47,311,326,-15
2012-04-30 1:48,310,325,-15
2012-04-30 1:49,309,323,-14
2012-04-30 1:50,307,322,-15
2012-04-30 1:51,306,321,-15
2012-04-30 1:52,305,320,-15
2012-04-30 1:53,304,318,-14
2012-04-30 1:54,-,317,-
2012-04-30 1:55,-,316,-
2012-04-30 1:56,302,314,-12
2012-04-30 1:57,301,313,-12
2012-04-30 1:58,299,312,-13
2012-04-30 1:59,298,310,-12
2012-04-30 2:00,297,309,-12
2012-04-30 2:01,296,308,-12
2012-04-30 2:02,295,307,-12
2012-04-30 2:03,294,305,-11
2012-04-30 2:04,293,304,-11
2012-04-30 2:05,291,303,-12
2012-04-30 2:06,290,301,-11
2012-04-30 2:07,289,300,-11
2012-04-30 2:08,288,299,-11
2012-04-30 2:09,287,298,-11
2012-04-30 2:10,286,296,-10
2012-04-30 2:11,285,295,-10
2012-04-30 2:12,283,294,-11
2012-04-30 2:13,282,292,-10
2012-04-30 2:14,281,291,-10
2012-04-30 2:15,280,290,-10
2012-04-30 2:16,279,289,-10
2012-04-30 2:17,278,287,-9
2012-04-30 2:18,277,286,-9
2012-04-30 2:19,276,285,-9
2012-04-30 2:20,275,283,-8
2012-04-30 2:21,274,282,-8
2012-04-30 2:22,273,281,-8
2012-04-30 2:23,272,279,-7
2012-04-30 2:24,271,278,-7
2012-04-30 2:25,269,277,-8
2012-04-30 2:26,268,276,-8
2012-04-30 2:27,267,274,-7
2012-04-30 2:28,266,273,-7
2012-04-30 2:29,265,272,-7
2012-04-30 2:30,264,271,-7
2012-04-30 2:31,263,269,-6
2012-04-30 2:32,262,268,-6
2012-04-30 2:33,261,267,-6
2012-04-30 2:34,260,265,-5
2012-04-30 2:35,259,264,-5
2012-04-30 2:36,258,263,-5
2012-04-30 2:37,257,262,-5
2012-04-30 2:38,256,260,-4
2012-04-30 2:39,255,259,-4
2012-04-30 2:40,254,258,-4
2012-04-30 2:41,253,257,-4
2012-04-30 2:42,252,255,-3
2012-04-30 2:43,251,254,-3
2012-04-30 2:44,250,253,-3
2012-04-30 2:45,249,252,-3
2012-04-30 2:46,248,250,-2
2012-04-30 2:47,247,249,-2
2012-04-30 2:48,246,248,-2
2012-04-30 2:49,245,247,-2
2012-04-30 2:50,244,245,-1
2012-04-30 2:51,243,244,-1
2012-04-30 2:52,242,243,-1
2012-04-30 2:53,241,242,-1
2012-04-30 2:54,240,240,0
2012-04-30 2:55,239,239,0
2012-04-30 2:56,238,238,0
2012-04-30 2:57,237,237,0
2012-04-30 2:58,236,235,1
2012-04-30 2:59,235,234,1
2012-04-30 3:00,234,233,1
2012-04-30 3:01,233,232,1
2012-04-30 3:02,232,231,1
2012-04-30 3:03,231,229,2
2012-04-30 3:04,230,228,2
2012-04-30 3:05,229,227,2
2012-04-30 3:06,228,226,2
2012-04-30 3:07,227,225,2
2012-04-30 3:08,226,223,3
2012-04-30 3:09,225,222,3
2012-04-30 3:10,224,221,3
2012-04-30 3:11,223,220,3
2012-04-30 3:12,223,219,4
2012-04-30 3:13,222,217,5
2012-04-30 3:14,221,216,5
2012-04-30 3:15,220,215,5
2012-04-30 3:16,219,214,5
2012-04-30 3:17,218,213,5
2012-04-30 3:18,217,211,6
2012-04-30 3:19,216,210,6
2012-04-30 3:20,215,209,6
2012-04-30 3:21,214,208,6
2012-04-30 3:22,213,207,6
2012-04-30 3:23,212,206,6
2012-04-30 3:24,211,205,6
2012-04-30 3:25,210,203,7
2012-04-30 3:26,209,202,7
2012-04-30 3:27,208,201,7
2012-04-30 3:28,207,200,7
2012-04-30 3:29,207,199,8
2012-04-30 3:30,205,198,7
2012-04-30 3:31,205,197,8
2012-04-30 3:32,204,195,9
2012-04-30 3:33,203,194,9
2012-04-30 3:34,202,193,9
2012-04-30 3:35,201,192,9
2012-04-30 3:36,200,191,9
2012-04-30 3:37,199,190,9
2012-04-30 3:38,198,189,9
2012-04-30 3:39,197,188,9
2012-04-30 3:40,196,187,9
2012-04-30 3:41,196,186,10
2012-04-30 3:42,195,185,10
2012-04-30 3:43,194,183,11
2012-04-30 3:44,193,182,11
2012-04-30 3:45,192,181,11
2012-04-30 3:46,191,180,11
2012-04-30 3:47,190,179,11
2012-04-30 3:48,189,178,11
2012-04-30 3:49,188,177,11
2012-04-30 3:50,187,176,11
2012-04-30 3:51,187,175,12
2012-04-30 3:52,186,174,12
2012-04-30 3:53,185,173,12
2012-04-30 3:54,184,172,12
2012-04-30 3:55,183,171,12
2012-04-30 3:56,183,170,13
2012-04-30 3:57,182,169,13
2012-04-30 3:58,181,168,13
2012-04-30 3:59,180,167,13
2012-04-30 4:00,179,166,13
2012-04-30 4:01,178,165,13
2012-04-30 4:02,177,164,13
2012-04-30 4:03,176,163,13
2012-04-30 4:04,176,162,14
2012-04-30 4:05,175,161,14
2012-04-30 4:06,174,160,14
2012-04-30 4:07,173,159,14
2012-04-30 4:08,172,158,14
2012-04-30 4:09,171,157,14
2012-04-30 4:10,171,157,14
2012-04-30 4:11,170,156,14
2012-04-30 4:12,169,155,14
2012-04-30 4:13,168,154,14
2012-04-30 4:14,167,153,14
2012-04-30 4:15,167,152,15
2012-04-30 4:16,166,151,15
2012-04-30 4:17,165,150,15
2012-04-30 4:18,164,149,15
2012-04-30 4:19,164,148,16
2012-04-30 4:20,163,148,15
2012-04-30 4:21,162,147,15
2012-04-30 4:22,161,146,15
2012-04-30 4:23,160,145,15
2012-04-30 4:24,159,144,15
2012-04-30 4:25,159,143,16
2012-04-30 4:26,158,143,15
2012-04-30 4:27,157,142,15
2012-04-30 4:28,156,141,15
2012-04-30 4:29,156,140,16
2012-04-30 4:30,155,139,16
2012-04-30 4:31,154,139,15
2012-04-30 4:32,153,138,15
2012-04-30 4:33,153,137,16
2012-04-30 4:34,152,136,16
2012-04-30 4:35,151,136,15
2012-04-30 4:36,150,135,15
2012-04-30 4:37,150,134,16
2012-04-30 4:38,149,133,16
2012-04-30 4:39,148,133,15
2012-04-30 4:40,147,132,15
2012-04-30 4:41,147,131,16
2012-04-30 4:42,146,131,15
2012-04-30 4:43,145,130,15
2012-04-30 4:44,144,129,15
2012-04-30 4:45,143,129,14
2012-04-30 4:46,143,128,15
2012-04-30 4:47,142,127,15
2012-04-30 4:48,141,127,14
2012-04-30 4:49,140,126,14
2012-04-30 4:50,140,125,15
2012-04-30 4:51,139,125,14
2012-04-30 4:52,138,124,14
2012-04-30 4:53,137,124,13
2012-04-30 4:54,137,123,14
2012-04-30 4:55,136,122,14
2012-04-30 4:56,135,122,13
2012-04-30 4:57,135,121,14
2012-04-30 4:58,134,121,13
2012-04-30 4:59,133,120,13
2012-04-30 5:00,132,120,12
2012-04-30 5:01,132,119,13
2012-04-30 5:02,131,119,12
2012-04-30 5:03,130,118,12
2012-04-30 5:04,130,118,12
2012-04-30 5:05,129,117,12
2012-04-30 5:06,129,117,12
2012-04-30 5:07,128,116,12
2012-04-30 5:08,127,116,11
2012-04-30 5:09,127,115,12
2012-04-30 5:10,126,115,11
2012-04-30 5:11,126,114,12
2012-04-30 5:12,125,114,11
2012-04-30 5:13,124,114,10
2012-04-30 5:14,124,113,11
2012-04-30 5:15,123,113,10
2012-04-30 5:16,122,112,10
2012-04-30 5:17,122,112,10
2012-04-30 5:18,121,112,9
2012-04-30 5:19,121,111,10
2012-04-30 5:20,120,111,9
2012-04-30 5:21,119,111,8
2012-04-30 5:22,119,110,9
2012-04-30 5:23,118,110,8
2012-04-30 5:24,118,110,8
2012-04-30 5:25,117,109,8
2012-04-30 5:26,117,109,8
2012-04-30 5:27,116,109,7
2012-04-30 5:28,116,109,7
2012-04-30 5:29,115,108,7
2012-04-30 5:30,115,108,7
2012-04-30 5:31,114,108,6
2012-04-30 5:32,114,108,6
2012-04-30 5:33,113,107,6
2012-04-30 5:34,113,107,6
2012-04-30 5:35,113,107,6
2012-04-30 5:36,112,107,5
2012-04-30 5:37,112,107,5
2012-04-30 5:38,111,107,4
2012-04-30 5:39,111,106,5
2012-04-30 5:40,111,106,5
2012-04-30 5:41,110,106,4
2012-04-30 5:42,110,106,4
2012-04-30 5:43,110,106,4
2012-04-30 5:44,110,106,4
2012-04-30 5:45,109,106,3
2012-04-30 5:46,109,106,3
2012-04-30 5:47,109,106,3
2012-04-30 5:48,109,106,3
2012-04-30 5:49,109,106,3
2012-04-30 5:50,109,106,3
2012-04-30 5:51,109,106,3
2012-04-30 5:52,109,106,3
2012-04-30 5:53,109,106,3
2012-04-30 5:54,109,106,3
2012-04-30 5:55,109,106,3
2012-04-30 5:56,109,106,3
2012-04-30 5:57,109,106,3
2012-04-30 5:58,109,106,3
2012-04-30 5:59,109,106,3
2012-04-30 6:00,109,106,3
2012-04-30 6:01,110,106,4
2012-04-30 6:02,110,106,4
2012-04-30 6:03,110,107,3
2012-04-30 6:04,111,107,4
2012-04-30 6:05,111,107,4
2012-04-30 6:06,112,107,5
2012-04-30 6:07,112,107,5
2012-04-30 6:08,112,107,5
2012-04-30 6:09,113,108,5
2012-04-30 6:10,113,108,5
2012-04-30 6:11,114,108,6
2012-04-30 6:12,115,108,7
2012-04-30 6:13,116,109,7
2012-04-30 6:14,116,109,7
2012-04-30 6:15,117,109,8
2012-04-30 6:16,118,109,9
2012-04-30 6:17,119,110,9
2012-04-30 6:18,120,110,10
2012-04-30 6:19,121,110,11
2012-04-30 6:20,122,111,11
2012-04-30 6:21,123,111,12
2012-04-30 6:22,124,111,13
2012-04-30 6:23,125,112,13
2012-04-30 6:24,126,112,14
2012-04-30 6:25,127,113,14
2012-04-30 6:26,128,113,15
2012-04-30 6:27,129,113,16
2012-04-30 6:28,130,114,16
2012-04-30 6:29,131,114,17
2012-04-30 6:30,131,115,16
2012-04-30 6:31,132,115,17
2012-04-30 6:32,133,116,17
2012-04-30 6:33,134,116,18
2012-04-30 6:34,135,117,18
2012-04-30 6:35,136,117,19
2012-04-30 6:36,137,118,19
2012-04-30 6:37,138,118,20
2012-04-30 6:38,140,119,21
2012-04-30 6:39,141,119,22
2012-04-30 6:40,142,120,22
2012-04-30 6:41,143,120,23
2012-04-30 6:42,144,121,23
2012-04-30 6:43,145,122,23
2012-04-30 6:44,146,122,24
2012-04-30 6:45,147,123,24
2012-04-30 6:46,148,124,24
2012-04-30 6:47,149,124,25
2012-04-30 6:48,150,125,25
2012-04-30 6:49,151,126,25
2012-04-30 6:50,151,126,25
2012-04-30 6:51,152,127,25
2012-04-30 6:52,153,128,25
2012-04-30 6:53,153,128,25
2012-04-30 6:54,154,129,25
2012-04-30 6:55,154,130,24
2012-04-30 6:56,155,131,24
2012-04-30 6:57,156,131,25
2012-04-30 6:58,156,132,24
2012-04-30 6:59,157,133,24
2012-04-30 7:00,158,134,24
2012-04-30 7:01,158,135,23
2012-04-30 7:02,159,135,24
2012-04-30 7:03,159,136,23
2012-04-30 7:04,159,137,22
2012-04-30 7:05,160,138,22
2012-04-30 7:06,161,139,22
2012-04-30 7:07,162,140,22
2012-04-30 7:08,162,141,21
2012-04-30 7:09,163,141,22
2012-04-30 7:10,164,142,22
2012-04-30 7:11,164,143,21
2012-04-30 7:12,165,144,21
2012-04-30 7:13,165,145,20
2012-04-30 7:14,166,146,20
2012-04-30 7:15,167,147,20
2012-04-30 7:16,167,148,19
2012-04-30 7:17,168,149,19
2012-04-30 7:18,169,150,19
2012-04-30 7:19,170,151,19
2012-04-30 7:20,170,152,18
2012-04-30 7:21,171,153,18
2012-04-30 7:22,172,154,18
2012-04-30 7:23,173,155,18
2012-04-30 7:24,174,156,18
2012-04-30 7:25,175,157,18
2012-04-30 7:26,176,159,17
2012-04-30 7:27,178,160,18
2012-04-30 7:28,179,161,18
2012-04-30 7:29,180,162,18
2012-04-30 7:30,181,163,18
2012-04-30 7:31,182,164,18
2012-04-30 7:32,184,165,19
2012-04-30 7:33,185,167,18
2012-04-30 7:34,186,168,18
2012-04-30 7:35,187,169,18
2012-04-30 7:36,188,170,18
2012-04-30 7:37,190,171,19
2012-04-30 7:38,191,173,18
2012-04-30 7:39,192,174,18
2012-04-30 7:40,194,175,19
2012-04-30 7:41,195,176,19
2012-04-30 7:42,197,177,20
2012-04-30 7:43,198,179,19
2012-04-30 7:44,200,180,20
2012-04-30 7:45,201,181,20
2012-04-30 7:46,202,183,19
2012-04-30 7:47,204,184,20
2012-04-30 7:48,206,185,21
2012-04-30 7:49,207,187,20
2012-04-30 7:50,209,188,21
2012-04-30 7:51,210,189,21
2012-04-30 7:52,-,191,-
2012-04-30 7:53,-,192,-
2012-04-30 7:54,-,193,-
2012-04-30 7:55,210,195,15
2012-04-30 7:56,-,196,-
2012-04-30 7:57,218,198,20
2012-04-30 7:58,220,199,21
2012-04-30 7:59,222,200,22
2012-04-30 8:00,223,202,21
2012-04-30 8:01,225,203,22
2012-04-30 8:02,226,205,21
2012-04-30 8:03,228,206,22
2012-04-30 8:04,229,208,21
2012-04-30 8:05,231,209,22
2012-04-30 8:06,233,211,22
2012-04-30 8:07,235,212,23
2012-04-30 8:08,236,214,22
2012-04-30 8:09,238,215,23
2012-04-30 8:10,240,217,23
2012-04-30 8:11,241,218,23
2012-04-30 8:12,243,220,23
2012-04-30 8:13,245,221,24
2012-04-30 8:14,246,223,23
2012-04-30 8:15,248,224,24
2012-04-30 8:16,250,226,24
2012-04-30 8:17,252,227,25
2012-04-30 8:18,253,229,24
2012-04-30 8:19,255,231,24
2012-04-30 8:20,257,232,25
2012-04-30 8:21,259,234,25
2012-04-30 8:22,260,235,25
2012-04-30 8:23,262,237,25
2012-04-30 8:24,264,239,25
2012-04-30 8:25,266,240,26
2012-04-30 8:26,267,242,25
2012-04-30 8:27,269,243,26
2012-04-30 8:28,271,245,26
2012-04-30 8:29,273,247,26
2012-04-30 8:30,274,248,26
2012-04-30 8:31,276,250,26
2012-04-30 8:32,278,252,26
2012-04-30 8:33,280,253,27
2012-04-30 8:34,282,255,27
2012-04-30 8:35,283,257,26
2012-04-30 8:36,285,258,27
2012-04-30 8:37,287,260,27
2012-04-30 8:38,288,262,26
2012-04-30 8:39,290,264,26
2012-04-30 8:40,292,265,27
2012-04-30 8:41,294,267,27
2012-04-30 8:42,296,269,27
2012-04-30 8:43,297,270,27
2012-04-30 8:44,299,272,27
2012-04-30 8:45,301,274,27
2012-04-30 8:46,302,276,26
2012-04-30 8:47,304,277,27
2012-04-30 8:48,306,279,27
2012-04-30 8:49,307,281,26
2012-04-30 8:50,309,283,26
2012-04-30 8:51,311,284,27
2012-04-30 8:52,313,286,27
2012-04-30 8:53,314,288,26
2012-04-30 8:54,316,290,26
2012-04-30 8:55,317,292,25
2012-04-30 8:56,319,293,26
2012-04-30 8:57,321,295,26
2012-04-30 8:58,322,297,25
2012-04-30 8:59,324,299,25
2012-04-30 9:00,325,301,24
2012-04-30 9:01,327,302,25
2012-04-30 9:02,329,304,25
2012-04-30 9:03,330,306,24
2012-04-30 9:04,332,308,24
2012-04-30 9:05,334,310,24
2012-04-30 9:06,335,311,24
2012-04-30 9:07,337,313,24
2012-04-30 9:08,339,315,24
2012-04-30 9:09,340,317,23
2012-04-30 9:10,342,319,23
2012-04-30 9:11,344,320,24
2012-04-30 9:12,346,322,24
2012-04-30 9:13,347,324,23
2012-04-30 9:14,349,326,23
2012-04-30 9:15,351,328,23
2012-04-30 9:16,353,329,24
2012-04-30 9:17,355,331,24
2012-04-30 9:18,356,333,23
2012-04-30 9:19,358,335,23
2012-04-30 9:20,360,337,23
2012-04-30 9:21,362,339,23
2012-04-30 9:22,363,340,23
2012-04-30 9:23,365,342,23
2012-04-30 9:24,367,344,23
2012-04-30 9:25,369,346,23
2012-04-30 9:26,371,348,23
2012-04-30 9:27,373,349,24
2012-04-30 9:28,374,351,23
2012-04-30 9:29,376,353,23
2012-04-30 9:30,378,355,23
2012-04-30 9:31,380,357,23
2012-04-30 9:32,381,358,23
2012-04-30 9:33,383,360,23
2012-04-30 9:34,385,362,23
2012-04-30 9:35,387,364,23
2012-04-30 9:36,389,366,23
2012-04-30 9:37,391,367,24
2012-04-30 9:38,392,369,23
2012-04-30 9:39,394,371,23
2012-04-30 9:40,396,373,23
2012-04-30 9:41,397,375,22
2012-04-30 9:42,399,376,23
2012-04-30 9:43,401,378,23
2012-04-30 9:44,403,380,23
2012-04-30 9:45,405,382,23
2012-04-30 9:46,407,383,24
2012-04-30 9:47,408,385,23
2012-04-30 9:48,410,387,23
2012-04-30 9:49,411,389,22
2012-04-30 9:50,413,390,23
2012-04-30 9:51,415,392,23
2012-04-30 9:52,416,394,22
2012-04-30 9:53,418,396,22
2012-04-30 9:54,420,397,23
2012-04-30 9:55,421,399,22
2012-04-30 9:56,423,401,22
2012-04-30 9:57,425,402,23
2012-04-30 9:58,426,404,22
2012-04-30 9:59,428,406,22
2012-04-30 10:00,429,407,22
2012-04-30 10:01,431,409,22
2012-04-30 10:02,432,411,21
2012-04-30 10:03,434,412,22
2012-04-30 10:04,435,414,21
2012-04-30 10:05,437,416,21
2012-04-30 10:06,438,417,21
2012-04-30 10:07,440,419,21
2012-04-30 10:08,441,421,20
2012-04-30 10:09,443,422,21
2012-04-30 10:10,445,424,21
2012-04-30 10:11,446,425,21
2012-04-30 10:12,447,427,20
2012-04-30 10:13,449,429,20
2012-04-30 10:14,450,430,20
2012-04-30 10:15,451,432,19
2012-04-30 10:16,453,433,20
2012-04-30 10:17,454,435,19
2012-04-30 10:18,455,436,19
2012-04-30 10:19,457,438,19
2012-04-30 10:20,458,439,19
2012-04-30 10:21,459,441,18
2012-04-30 10:22,460,442,18
2012-04-30 10:23,461,444,17
2012-04-30 10:24,462,445,17
2012-04-30 10:25,463,447,16
2012-04-30 10:26,464,448,16
2012-04-30 10:27,466,450,16
2012-04-30 10:28,467,451,16
2012-04-30 10:29,468,452,16
2012-04-30 10:30,469,454,15
2012-04-30 10:31,470,455,15
2012-04-30 10:32,471,457,14
2012-04-30 10:33,472,458,14
2012-04-30 10:34,473,459,14
2012-04-30 10:35,474,461,13
2012-04-30 10:36,476,462,14
2012-04-30 10:37,476,463,13
2012-04-30 10:38,477,465,12
2012-04-30 10:39,478,466,12
2012-04-30 10:40,479,467,12
2012-04-30 10:41,480,468,12
2012-04-30 10:42,481,470,11
2012-04-30 10:43,482,471,11
2012-04-30 10:44,483,472,11
2012-04-30 10:45,484,473,11
2012-04-30 10:46,485,475,10
2012-04-30 10:47,485,476,9
2012-04-30 10:48,486,477,9
2012-04-30 10:49,487,478,9
2012-04-30 10:50,488,479,9
2012-04-30 10:51,489,480,9
2012-04-30 10:52,489,482,7
2012-04-30 10:53,491,483,8
2012-04-30 10:54,492,484,8
2012-04-30 10:55,492,485,7
2012-04-30 10:56,493,486,7
2012-04-30 10:57,494,487,7
2012-04-30 10:58,495,488,7
2012-04-30 10:59,496,489,7
2012-04-30 11:00,497,490,7
2012-04-30 11:01,498,491,7
2012-04-30 11:02,499,492,7
2012-04-30 11:03,501,493,8
2012-04-30 11:04,502,494,8
2012-04-30 11:05,502,495,7
2012-04-30 11:06,503,496,7
2012-04-30 11:07,504,497,7
2012-04-30 11:08,505,498,7
2012-04-30 11:09,506,498,8
2012-04-30 11:10,506,499,7
2012-04-30 11:11,506,500,6
2012-04-30 11:12,507,501,6
2012-04-30 11:13,508,502,6
2012-04-30 11:14,508,503,5
2012-04-30 11:15,509,503,6
2012-04-30 11:16,510,504,6
2012-04-30 11:17,510,505,5
2012-04-30 11:18,511,506,5
2012-04-30 11:19,512,506,6
2012-04-30 11:20,512,507,5
2012-04-30 11:21,512,508,4
2012-04-30 11:22,513,508,5
2012-04-30 11:23,514,509,5
2012-04-30 11:24,514,510,4
2012-04-30 11:25,515,510,5
2012-04-30 11:26,516,511,5
2012-04-30 11:27,516,511,5
2012-04-30 11:28,517,512,5
2012-04-30 11:29,517,513,4
2012-04-30 11:30,517,513,4
2012-04-30 11:31,517,514,3
2012-04-30 11:32,518,514,4
2012-04-30 11:33,518,515,3
2012-04-30 11:34,518,515,3
2012-04-30 11:35,518,515,3
2012-04-30 11:36,518,516,2
2012-04-30 11:37,519,516,3
2012-04-30 11:38,519,517,2
2012-04-30 11:39,519,517,2
2012-04-30 11:40,520,518,2
2012-04-30 11:41,520,518,2
2012-04-30 11:42,520,518,2
2012-04-30 11:43,520,519,1
2012-04-30 11:44,521,519,2
2012-04-30 11:45,521,519,2
2012-04-30 11:46,521,519,2
2012-04-30 11:47,521,520,1
2012-04-30 11:48,521,520,1
2012-04-30 11:49,521,520,1
2012-04-30 11:50,521,520,1
2012-04-30 11:51,521,520,1
2012-04-30 11:52,521,521,0
2012-04-30 11:53,521,521,0
2012-04-30 11:54,521,521,0
2012-04-30 11:55,520,521,-1
2012-04-30 11:56,520,521,-1
2012-04-30 11:57,520,521,-1
2012-04-30 11:58,520,521,-1
2012-04-30 11:59,520,521,-1
2012-04-30 12:00,519,521,-2
2012-04-30 12:01,519,521,-2
2012-04-30 12:02,519,521,-2
2012-04-30 12:03,519,521,-2
2012-04-30 12:04,518,521,-3
2012-04-30 12:05,518,521,-3
2012-04-30 12:06,518,521,-3
2012-04-30 12:07,517,521,-4
2012-04-30 12:08,517,521,-4
2012-04-30 12:09,517,521,-4
2012-04-30 12:10,516,521,-5
2012-04-30 12:11,516,521,-5
2012-04-30 12:12,515,521,-6
2012-04-30 12:13,515,520,-5
2012-04-30 12:14,514,520,-6
2012-04-30 12:15,514,520,-6
2012-04-30 12:16,514,520,-6
2012-04-30 12:17,513,520,-7
2012-04-30 12:18,512,519,-7
2012-04-30 12:19,512,519,-7
2012-04-30 12:20,511,519,-8
2012-04-30 12:21,511,518,-7
2012-04-30 12:22,510,518,-8
2012-04-30 12:23,510,518,-8
2012-04-30 12:24,509,517,-8
2012-04-30 12:25,509,517,-8
2012-04-30 12:26,508,517,-9
2012-04-30 12:27,508,516,-8
2012-04-30 12:28,507,516,-9
2012-04-30 12:29,506,515,-9
2012-04-30 12:30,506,515,-9
2012-04-30 12:31,505,515,-10
2012-04-30 12:32,504,514,-10
2012-04-30 12:33,503,514,-11
2012-04-30 12:34,502,513,-11
2012-04-30 12:35,502,513,-11
2012-04-30 12:36,501,512,-11
2012-04-30 12:37,500,512,-12
2012-04-30 12:38,499,511,-12
2012-04-30 12:39,498,511,-13
2012-04-30 12:40,498,510,-12
2012-04-30 12:41,496,509,-13
2012-04-30 12:42,495,509,-14
2012-04-30 12:43,494,508,-14
2012-04-30 12:44,493,508,-15
2012-04-30 12:45,493,507,-14
2012-04-30 12:46,492,506,-14
2012-04-30 12:47,491,506,-15
2012-04-30 12:48,490,505,-15
2012-04-30 12:49,489,504,-15
2012-04-30 12:50,488,503,-15
2012-04-30 12:51,487,503,-16
2012-04-30 12:52,486,502,-16
2012-04-30 12:53,485,501,-16
2012-04-30 12:54,484,501,-17
2012-04-30 12:55,483,500,-17
2012-04-30 12:56,483,499,-16
2012-04-30 12:57,482,498,-16
2012-04-30 12:58,481,497,-16
2012-04-30 12:59,480,497,-17
2012-04-30 13:00,479,496,-17
2012-04-30 13:01,478,495,-17
2012-04-30 13:02,477,494,-17
2012-04-30 13:03,476,493,-17
2012-04-30 13:04,475,492,-17
2012-04-30 13:05,474,491,-17
2012-04-30 13:06,473,491,-18
2012-04-30 13:07,472,490,-18
2012-04-30 13:08,471,489,-18
2012-04-30 13:09,469,488,-19
2012-04-30 13:10,469,487,-18
2012-04-30 13:11,467,486,-19
2012-04-30 13:12,466,485,-19
2012-04-30 13:13,465,484,-19
2012-04-30 13:14,465,483,-18
2012-04-30 13:15,463,482,-19
2012-04-30 13:16,462,481,-19
2012-04-30 13:17,462,480,-18
2012-04-30 13:18,460,479,-19
2012-04-30 13:19,459,478,-19
2012-04-30 13:20,458,477,-19
2012-04-30 13:21,457,476,-19
2012-04-30 13:22,456,475,-19
2012-04-30 13:23,455,474,-19
2012-04-30 13:24,454,473,-19
2012-04-30 13:25,453,472,-19
2012-04-30 13:26,451,470,-19
2012-04-30 13:27,450,469,-19
2012-04-30 13:28,449,468,-19
2012-04-30 13:29,448,467,-19
2012-04-30 13:30,447,466,-19
2012-04-30 13:31,446,465,-19
2012-04-30 13:32,445,464,-19
2012-04-30 13:33,444,463,-19
2012-04-30 13:34,442,461,-19
2012-04-30 13:35,441,460,-19
2012-04-30 13:36,440,459,-19
2012-04-30 13:37,439,458,-19
2012-04-30 13:38,437,457,-20
2012-04-30 13:39,436,456,-20
2012-04-30 13:40,435,454,-19
2012-04-30 13:41,434,453,-19
2012-04-30 13:42,433,452,-19
2012-04-30 13:43,432,451,-19
2012-04-30 13:44,431,449,-18
2012-04-30 13:45,430,448,-18
2012-04-30 13:46,429,447,-18
2012-04-30 13:47,427,446,-19
2012-04-30 13:48,426,444,-18
2012-04-30 13:49,425,443,-18
2012-04-30 13:50,423,442,-19
2012-04-30 13:51,422,441,-19
2012-04-30 13:52,422,439,-17
2012-04-30 13:53,420,438,-18
2012-04-30 13:54,419,437,-18
2012-04-30 13:55,418,436,-18
2012-04-30 13:56,417,434,-17
2012-04-30 13:57,416,433,-17
2012-04-30 13:58,415,432,-17
2012-04-30 13:59,413,430,-17
2012-04-30 14:00,412,429,-17
2012-04-30 14:01,411,428,-17
2012-04-30 14:02,410,426,-16
2012-04-30 14:03,409,425,-16
2012-04-30 14:04,408,424,-16
2012-04-30 14:05,407,422,-15
2012-04-30 14:06,405,421,-16
2012-04-30 14:07,404,420,-16
2012-04-30 14:08,403,418,-15
2012-04-30 14:09,402,417,-15
2012-04-30 14:10,401,416,-15
2012-04-30 14:11,400,414,-14
2012-04-30 14:12,399,413,-14
2012-04-30 14:13,398,411,-13
2012-04-30 14:14,396,410,-14
2012-04-30 14:15,395,409,-14
2012-04-30 14:16,394,407,-13
2012-04-30 14:17,393,406,-13
2012-04-30 14:18,392,405,-13
2012-04-30 14:19,390,403,-13
2012-04-30 14:20,390,402,-12
2012-04-30 14:21,389,400,-11
2012-04-30 14:22,387,399,-12
2012-04-30 14:23,386,398,-12
2012-04-30 14:24,385,396,-11
2012-04-30 14:25,383,395,-12
2012-04-30 14:26,382,393,-11
2012-04-30 14:27,381,392,-11
2012-04-30 14:28,380,391,-11
2012-04-30 14:29,379,389,-10
2012-04-30 14:30,377,388,-11
2012-04-30 14:31,376,386,-10
2012-04-30 14:32,375,385,-10
2012-04-30 14:33,374,383,-9
2012-04-30 14:34,373,382,-9
2012-04-30 14:35,372,381,-9
2012-04-30 14:36,370,379,-9
2012-04-30 14:37,369,378,-9
2012-04-30 14:38,367,376,-9
2012-04-30 14:39,366,375,-9
2012-04-30 14:40,365,373,-8
2012-04-30 14:41,364,372,-8
2012-04-30 14:42,363,371,-8
2012-04-30 14:43,362,369,-7
2012-04-30 14:44,361,368,-7
2012-04-30 14:45,359,366,-7
2012-04-30 14:46,358,365,-7
2012-04-30 14:47,357,363,-6
2012-04-30 14:48,356,362,-6
2012-04-30 14:49,355,361,-6
2012-04-30 14:50,354,359,-5
2012-04-30 14:51,353,358,-5
2012-04-30 14:52,352,356,-4
2012-04-30 14:53,351,355,-4
2012-04-30 14:54,350,353,-3
2012-04-30 14:55,349,352,-3
2012-04-30 14:56,347,351,-4
2012-04-30 14:57,346,349,-3
2012-04-30 14:58,345,348,-3
2012-04-30 14:59,344,346,-2
2012-04-30 15:00,343,345,-2
2012-04-30 15:01,342,343,-1
2012-04-30 15:02,341,342,-1
2012-04-30 15:03,340,341,-1
2012-04-30 15:04,339,339,0
2012-04-30 15:05,337,338,-1
2012-04-30 15:06,336,336,0
2012-04-30 15:07,336,335,1
2012-04-30 15:08,335,333,2
2012-04-30 15:09,333,332,1
2012-04-30 15:10,332,331,1
2012-04-30 15:11,331,329,2
2012-04-30 15:12,330,328,2
2012-04-30 15:13,329,326,3
2012-04-30 15:14,328,325,3
2012-04-30 15:15,327,324,3
2012-04-30 15:16,326,322,4
2012-04-30 15:17,324,321,3
2012-04-30 15:18,323,319,4
2012-04-30 15:19,322,318,4
2012-04-30 15:20,321,317,4
2012-04-30 15:21,320,315,5
2012-04-30 15:22,319,314,5
2012-04-30 15:23,318,312,6
2012-04-30 15:24,317,311,6
2012-04-30 15:25,315,310,5
2012-04-30 15:26,315,308,7
2012-04-30 15:27,313,307,6
2012-04-30 15:28,312,306,6
2012-04-30 15:29,311,304,7
2012-04-30 15:30,310,303,7
2012-04-30 15:31,309,301,8
2012-04-30 15:32,308,300,8
2012-04-30 15:33,307,299,8
2012-04-30 15:34,306,297,9
2012-04-30 15:35,304,296,8
2012-04-30 15:36,303,295,8
2012-04-30 15:37,302,293,9
2012-04-30 15:38,301,292,9
2012-04-30 15:39,300,291,9
2012-04-30 15:40,299,289,10
2012-04-30 15:41,298,288,10
2012-04-30 15:42,297,287,10
2012-04-30 15:43,296,285,11
2012-04-30 15:44,295,284,11
2012-04-30 15:45,294,283,11
2012-04-30 15:46,293,281,12
2012-04-30 15:47,292,280,12
2012-04-30 15:48,291,279,12
2012-04-30 15:49,290,278,12
2012-04-30 15:50,289,276,13
2012-04-30 15:51,288,275,13
2012-04-30 15:52,287,274,13
2012-04-30 15:53,286,272,14
2012-04-30 15:54,284,271,13
2012-04-30 15:55,284,270,14
2012-04-30 15:56,283,269,14
2012-04-30 15:57,282,267,15
2012-04-30 15:58,281,266,15
2012-04-30 15:59,280,265,15
2012-04-30 16:00,279,264,15
2012-04-30 16:01,278,262,16
2012-04-30 16:02,277,261,16
2012-04-30 16:03,276,260,16
2012-04-30 16:04,275,259,16
2012-04-30 16:05,274,257,17
2012-04-30 16:06,273,256,17
2012-04-30 16:07,271,255,16
2012-04-30 16:08,270,254,16
2012-04-30 16:09,269,253,16
2012-04-30 16:10,268,251,17
2012-04-30 16:11,267,250,17
2012-04-30 16:12,266,249,17
2012-04-30 16:13,265,248,17
2012-04-30 16:14,264,247,17
2012-04-30 16:15,264,245,19
2012-04-30 16:16,262,244,18
2012-04-30 16:17,261,243,18
2012-04-30 16:18,260,242,18
2012-04-30 16:19,259,241,18
2012-04-30 16:20,258,240,18
2012-04-30 16:21,256,239,17
2012-04-30 16:22,255,237,18
2012-04-30 16:23,254,236,18
2012-04-30 16:24,253,235,18
2012-04-30 16:25,252,234,18
2012-04-30 16:26,251,233,18
2012-04-30 16:27,250,232,18
2012-04-30 16:28,250,231,19
2012-04-30 16:29,248,230,18
2012-04-30 16:30,247,229,18
2012-04-30 16:31,246,228,18
2012-04-30 16:32,245,227,18
2012-04-30 16:33,245,226,19
2012-04-30 16:34,243,224,19
2012-04-30 16:35,243,223,20
2012-04-30 16:36,242,222,20
2012-04-30 16:37,241,221,20
2012-04-30 16:38,240,220,20
2012-04-30 16:39,239,219,20
2012-04-30 16:40,238,218,20
2012-04-30 16:41,238,217,21
2012-04-30 16:42,236,216,20
2012-04-30 16:43,235,215,20
2012-04-30 16:44,235,214,21
2012-04-30 16:45,233,213,20
2012-04-30 16:46,233,212,21
2012-04-30 16:47,232,211,21
2012-04-30 16:48,231,210,21
2012-04-30 16:49,230,210,20
2012-04-30 16:50,229,209,20
2012-04-30 16:51,229,208,21
2012-04-30 16:52,228,207,21
2012-04-30 16:53,227,206,21
2012-04-30 16:54,226,205,21
2012-04-30 16:55,225,204,21
2012-04-30 16:56,224,203,21
2012-04-30 16:57,223,202,21
2012-04-30 16:58,223,201,22
2012-04-30 16:59,222,200,22
2012-04-30 17:00,221,200,21
2012-04-30 17:01,220,199,21
2012-04-30 17:02,219,198,21
2012-04-30 17:03,218,197,21
2012-04-30 17:04,217,196,21
2012-04-30 17:05,216,195,21
2012-04-30 17:06,216,195,21
2012-04-30 17:07,215,194,21
2012-04-30 17:08,214,193,21
2012-04-30 17:09,213,192,21
2012-04-30 17:10,212,191,21
2012-04-30 17:11,212,191,21
2012-04-30 17:12,211,190,21
2012-04-30 17:13,210,189,21
2012-04-30 17:14,209,188,21
2012-04-30 17:15,208,187,21
2012-04-30 17:16,207,187,20
2012-04-30 17:17,207,186,21
2012-04-30 17:18,206,185,21
2012-04-30 17:19,205,185,20
2012-04-30 17:20,204,184,20
2012-04-30 17:21,203,183,20
2012-04-30 17:22,203,182,21
2012-04-30 17:23,202,182,20
2012-04-30 17:24,201,181,20
2012-04-30 17:25,200,180,20
2012-04-30 17:26,200,180,20
2012-04-30 17:27,199,179,20
2012-04-30 17:28,198,178,20
2012-04-30 17:29,197,178,19
2012-04-30 17:30,197,177,20
2012-04-30 17:31,196,177,19
2012-04-30 17:32,195,176,19
2012-04-30 17:33,194,175,19
2012-04-30 17:34,194,175,19
2012-04-30 17:35,193,174,19
2012-04-30 17:36,192,174,18
2012-04-30 17:37,191,173,18
2012-04-30 17:38,191,172,19
2012-04-30 17:39,190,172,18
2012-04-30 17:40,189,171,18
2012-04-30 17:41,189,171,18
2012-04-30 17:42,188,170,18
2012-04-30 17:43,187,170,17
2012-04-30 17:44,186,169,17
2012-04-30 17:45,186,169,17
2012-04-30 17:46,185,168,17
2012-04-30 17:47,185,168,17
2012-04-30 17:48,184,167,17
2012-04-30 17:49,183,167,16
2012-04-30 17:50,183,166,17
2012-04-30 17:51,182,166,16
2012-04-30 17:52,181,165,16
2012-04-30 17:53,181,165,16
2012-04-30 17:54,180,165,15
2012-04-30 17:55,179,164,15
2012-04-30 17:56,179,164,15
2012-04-30 17:57,178,163,15
2012-04-30 17:58,178,163,15
2012-04-30 17:59,177,163,14
2012-04-30 18:00,176,162,14
2012-04-30 18:01,176,162,14
2012-04-30 18:02,175,161,14
2012-04-30 18:03,174,161,13
2012-04-30 18:04,174,161,13
2012-04-30 18:05,173,160,13
2012-04-30 18:06,173,160,13
2012-04-30 18:07,172,160,12
2012-04-30 18:08,171,160,11
2012-04-30 18:09,171,159,12
2012-04-30 18:10,170,159,11
2012-04-30 18:11,170,159,11
2012-04-30 18:12,169,158,11
2012-04-30 18:13,169,158,11
2012-04-30 18:14,168,158,10
2012-04-30 18:15,168,158,10
2012-04-30 18:16,167,157,10
2012-04-30 18:17,167,157,10
2012-04-30 18:18,166,157,9
2012-04-30 18:19,166,157,9
2012-04-30 18:20,165,157,8
2012-04-30 18:21,165,156,9
2012-04-30 18:22,165,156,9
2012-04-30 18:23,164,156,8
2012-04-30 18:24,164,156,8
2012-04-30 18:25,163,156,7
2012-04-30 18:26,163,156,7
2012-04-30 18:27,162,155,7
2012-04-30 18:28,162,155,7
2012-04-30 18:29,162,155,7
2012-04-30 18:30,161,155,6
2012-04-30 18:31,160,155,5
2012-04-30 18:32,160,155,5
2012-04-30 18:33,160,155,5
2012-04-30 18:34,159,155,4
2012-04-30 18:35,159,155,4
2012-04-30 18:36,159,155,4
2012-04-30 18:37,158,154,4
2012-04-30 18:38,158,154,4
2012-04-30 18:39,157,154,3
2012-04-30 18:40,157,154,3
2012-04-30 18:41,157,154,3
2012-04-30 18:42,156,154,2
2012-04-30 18:43,156,154,2
2012-04-30 18:44,156,154,2
2012-04-30 18:45,155,154,1
2012-04-30 18:46,155,154,1
2012-04-30 18:47,155,154,1
2012-04-30 18:48,154,154,0
2012-04-30 18:49,154,155,-1
2012-04-30 18:50,154,155,-1
2012-04-30 18:51,153,155,-2
2012-04-30 18:52,153,155,-2
2012-04-30 18:53,153,155,-2
2012-04-30 18:54,152,155,-3
2012-04-30 18:55,152,155,-3
2012-04-30 18:56,152,155,-3
2012-04-30 18:57,152,155,-3
2012-04-30 18:58,151,155,-4
2012-04-30 18:59,151,156,-5
2012-04-30 19:00,151,156,-5
2012-04-30 19:01,151,156,-5
2012-04-30 19:02,151,156,-5
2012-04-30 19:03,151,156,-5
2012-04-30 19:04,151,156,-5
2012-04-30 19:05,151,157,-6
2012-04-30 19:06,151,157,-6
2012-04-30 19:07,151,157,-6
2012-04-30 19:08,151,157,-6
2012-04-30 19:09,151,157,-6
2012-04-30 19:10,151,158,-7
2012-04-30 19:11,152,158,-6
2012-04-30 19:12,152,158,-6
2012-04-30 19:13,152,158,-6
2012-04-30 19:14,153,159,-6
2012-04-30 19:15,153,159,-6
2012-04-30 19:16,153,159,-6
2012-04-30 19:17,154,160,-6
2012-04-30 19:18,154,160,-6
2012-04-30 19:19,155,160,-5
2012-04-30 19:20,155,161,-6
2012-04-30 19:21,156,161,-5
2012-04-30 19:22,156,161,-5
2012-04-30 19:23,156,162,-6
2012-04-30 19:24,157,162,-5
2012-04-30 19:25,157,162,-5
2012-04-30 19:26,158,163,-5
2012-04-30 19:27,159,163,-4
2012-04-30 19:28,159,164,-5
2012-04-30 19:29,160,164,-4
2012-04-30 19:30,161,164,-3
2012-04-30 19:31,162,165,-3
2012-04-30 19:32,162,165,-3
2012-04-30 19:33,163,166,-3
2012-04-30 19:34,164,166,-2
2012-04-30 19:35,165,167,-2
2012-04-30 19:36,166,167,-1
2012-04-30 19:37,166,168,-2
2012-04-30 19:38,167,168,-1
2012-04-30 19:39,168,169,-1
2012-04-30 19:40,169,169,0
2012-04-30 19:41,170,170,0
2012-04-30 19:42,170,170,0
2012-04-30 19:43,171,171,0
2012-04-30 19:44,172,171,1
2012-04-30 19:45,173,172,1
2012-04-30 19:46,174,172,2
2012-04-30 19:47,174,173,1
2012-04-30 19:48,175,173,2
2012-04-30 19:49,176,174,2
2012-04-30 19:50,177,175,2
2012-04-30 19:51,178,175,3
2012-04-30 19:52,178,176,2
2012-04-30 19:53,179,176,3
2012-04-30 19:54,180,177,3
2012-04-30 19:55,181,178,3
2012-04-30 19:56,182,178,4
2012-04-30 19:57,183,179,4
2012-04-30 19:58,183,180,3
2012-04-30 19:59,184,180,4
2012-04-30 20:00,185,181,4
2012-04-30 20:01,186,182,4
2012-04-30 20:02,187,182,5
2012-04-30 20:03,187,183,4
2012-04-30 20:04,188,184,4
2012-04-30 20:05,189,184,5
2012-04-30 20:06,190,185,5
2012-04-30 20:07,191,186,5
2012-04-30 20:08,191,187,4
2012-04-30 20:09,192,187,5
2012-04-30 20:10,193,188,5
2012-04-30 20:11,193,189,4
2012-04-30 20:12,194,190,4
2012-04-30 20:13,195,190,5
2012-04-30 20:14,196,191,5
2012-04-30 20:15,196,192,4
2012-04-30 20:16,197,193,4
2012-04-30 20:17,197,194,3
2012-04-30 20:18,198,194,4
2012-04-30 20:19,199,195,4
2012-04-30 20:20,199,196,3
2012-04-30 20:21,200,197,3
2012-04-30 20:22,200,198,2
2012-04-30 20:23,201,199,2
2012-04-30 20:24,202,200,2
2012-04-30 20:25,203,200,3
2012-04-30 20:26,203,201,2
2012-04-30 20:27,204,202,2
2012-04-30 20:28,205,203,2
2012-04-30 20:29,206,204,2
2012-04-30 20:30,207,205,2
2012-04-30 20:31,207,206,1
2012-04-30 20:32,208,207,1
2012-04-30 20:33,209,208,1
2012-04-30 20:34,210,209,1
2012-04-30 20:35,211,210,1
2012-04-30 20:36,211,211,0
2012-04-30 20:37,212,212,0
2012-04-30 20:38,213,213,0
2012-04-30 20:39,214,214,0
2012-04-30 20:40,215,215,0
2012-04-30 20:41,216,216,0
2012-04-30 20:42,216,217,-1
2012-04-30 20:43,218,218,0
2012-04-30 20:44,219,219,0
2012-04-30 20:45,220,220,0
2012-04-30 20:46,221,221,0
2012-04-30 20:47,222,222,0
2012-04-30 20:48,224,223,1
2012-04-30 20:49,225,224,1
2012-04-30 20:50,226,225,1
2012-04-30 20:51,227,226,1
2012-04-30 20:52,228,227,1
2012-04-30 20:53,230,228,2
2012-04-30 20:54,231,229,2
2012-04-30 20:55,232,230,2
2012-04-30 20:56,234,231,3
2012-04-30 20:57,235,232,3
2012-04-30 20:58,237,233,4
2012-04-30 20:59,238,235,3
2012-04-30 21:00,239,236,3
2012-04-30 21:01,240,237,3
2012-04-30 21:02,242,238,4
2012-04-30 21:03,243,239,4
2012-04-30 21:04,245,240,5
2012-04-30 21:05,246,241,5
2012-04-30 21:06,247,243,4
2012-04-30 21:07,248,244,4
2012-04-30 21:08,250,245,5
2012-04-30 21:09,251,246,5
2012-04-30 21:10,253,247,6
2012-04-30 21:11,254,248,6
2012-04-30 21:12,256,250,6
2012-04-30 21:13,257,251,6
2012-04-30 21:14,258,252,6
2012-04-30 21:15,260,253,7
2012-04-30 21:16,261,254,7
2012-04-30 21:17,263,256,7
2012-04-30 21:18,264,257,7
2012-04-30 21:19,265,258,7
2012-04-30 21:20,267,259,8
2012-04-30 21:21,268,261,7
2012-04-30 21:22,269,262,7
2012-04-30 21:23,271,263,8
2012-04-30 21:24,272,264,8
2012-04-30 21:25,274,266,8
2012-04-30 21:26,275,267,8
2012-04-30 21:27,276,268,8
2012-04-30 21:28,278,269,9
2012-04-30 21:29,279,271,8
2012-04-30 21:30,280,272,8
2012-04-30 21:31,281,273,8
2012-04-30 21:32,283,274,9
2012-04-30 21:33,284,276,8
2012-04-30 21:34,285,277,8
2012-04-30 21:35,287,278,9
2012-04-30 21:36,288,280,8
2012-04-30 21:37,289,281,8
2012-04-30 21:38,291,282,9
2012-04-30 21:39,292,283,9
2012-04-30 21:40,294,285,9
2012-04-30 21:41,295,286,9
2012-04-30 21:42,296,287,9
2012-04-30 21:43,298,289,9
2012-04-30 21:44,299,290,9
2012-04-30 21:45,301,291,10
2012-04-30 21:46,302,293,9
2012-04-30 21:47,304,294,10
2012-04-30 21:48,305,295,10
2012-04-30 21:49,306,297,9
2012-04-30 21:50,308,298,10
2012-04-30 21:51,310,299,11
2012-04-30 21:52,311,300,11
2012-04-30 21:53,312,302,10
2012-04-30 21:54,314,303,11
2012-04-30 21:55,315,304,11
2012-04-30 21:56,317,306,11
2012-04-30 21:57,318,307,11
2012-04-30 21:58,319,308,11
2012-04-30 21:59,321,310,11
2012-04-30 22:00,322,311,11
2012-04-30 22:01,324,312,12
2012-04-30 22:02,325,314,11
2012-04-30 22:03,327,315,12
2012-04-30 22:04,328,316,12
2012-04-30 22:05,330,318,12
2012-04-30 22:06,331,319,12
2012-04-30 22:07,333,320,13
2012-04-30 22:08,334,322,12
2012-04-30 22:09,335,323,12
2012-04-30 22:10,336,324,12
2012-04-30 22:11,338,326,12
2012-04-30 22:12,339,327,12
2012-04-30 22:13,340,328,12
2012-04-30 22:14,341,330,11
2012-04-30 22:15,343,331,12
2012-04-30 22:16,344,332,12
2012-04-30 22:17,345,334,11
2012-04-30 22:18,346,335,11
2012-04-30 22:19,348,336,12
2012-04-30 22:20,349,338,11
2012-04-30 22:21,350,339,11
2012-04-30 22:22,351,340,11
2012-04-30 22:23,352,342,10
2012-04-30 22:24,354,343,11
2012-04-30 22:25,355,344,11
2012-04-30 22:26,356,346,10
2012-04-30 22:27,357,347,10
2012-04-30 22:28,358,348,10
2012-04-30 22:29,360,349,11
2012-04-30 22:30,361,351,10
2012-04-30 22:31,362,352,10
2012-04-30 22:32,363,353,10
2012-04-30 22:33,365,355,10
2012-04-30 22:34,366,356,10
2012-04-30 22:35,367,357,10
2012-04-30 22:36,369,358,11
2012-04-30 22:37,370,360,10
2012-04-30 22:38,372,361,11
2012-04-30 22:39,373,362,11
2012-04-30 22:40,374,363,11
2012-04-30 22:41,375,365,10
2012-04-30 22:42,377,366,11
2012-04-30 22:43,378,367,11
2012-04-30 22:44,380,368,12
2012-04-30 22:45,381,370,11
2012-04-30 22:46,383,371,12
2012-04-30 22:47,385,372,13
2012-04-30 22:48,386,373,13
2012-04-30 22:49,388,375,13
2012-04-30 22:50,389,376,13
2012-04-30 22:51,391,377,14
2012-04-30 22:52,392,378,14
2012-04-30 22:53,394,379,15
2012-04-30 22:54,395,381,14
2012-04-30 22:55,396,382,14
2012-04-30 22:56,398,383,15
2012-04-30 22:57,399,384,15
2012-04-30 22:58,401,385,16
2012-04-30 22:59,402,386,16
2012-04-30 23:00,403,387,16
2012-04-30 23:01,404,389,15
2012-04-30 23:02,406,390,16
2012-04-30 23:03,407,391,16
2012-04-30 23:04,408,392,16
2012-04-30 23:05,409,393,16
2012-04-30 23:06,410,394,16
2012-04-30 23:07,411,395,16
2012-04-30 23:08,412,396,16
2012-04-30 23:09,413,397,16
2012-04-30 23:10,414,399,15
2012-04-30 23:11,414,400,14
2012-04-30 23:12,415,401,14
2012-04-30 23:13,416,402,14
2012-04-30 23:14,417,403,14
2012-04-30 23:15,418,404,14
2012-04-30 23:16,419,405,14
2012-04-30 23:17,419,406,13
2012-04-30 23:18,420,407,13
2012-04-30 23:19,421,408,13
2012-04-30 23:20,422,409,13
2012-04-30 23:21,422,410,12
2012-04-30 23:22,423,411,12
2012-04-30 23:23,424,412,12
2012-04-30 23:24,424,413,11
2012-04-30 23:25,425,414,11
2012-04-30 23:26,426,414,12
2012-04-30 23:27,427,415,12
2012-04-30 23:28,427,416,11
2012-04-30 23:29,428,417,11
2012-04-30 23:30,428,418,10
2012-04-30 23:31,429,419,10
2012-04-30 23:32,430,420,10
2012-04-30 23:33,431,421,10
2012-04-30 23:34,431,422,9
2012-04-30 23:35,432,422,10
2012-04-30 23:36,432,423,9
2012-04-30 23:37,433,424,9
2012-04-30 23:38,433,425,8
2012-04-30 23:39,434,426,8
2012-04-30 23:40,435,426,9
2012-04-30 23:41,435,427,8
2012-04-30 23:42,436,428,8
2012-04-30 23:43,436,429,7
2012-04-30 23:44,437,429,8
2012-04-30 23:45,438,430,8
2012-04-30 23:46,438,431,7
2012-04-30 23:47,439,432,7
2012-04-30 23:48,439,432,7
2012-04-30 23:49,440,433,7
2012-04-30 23:50,440,434,6
2012-04-30 23:51,441,434,7
2012-04-30 23:52,441,435,6
2012-04-30 23:53,442,436,6
2012-04-30 23:54,442,436,6
2012-04-30 23:55,442,437,5
2012-04-30 23:56,443,437,6
2012-04-30 23:57,444,438,6
2012-04-30 23:58,444,439,5
2012-04-30 23:59,445,439,6
2012-05-01 0:00,-,440,-
