관측시간,실측조위(Cm),예측조위(Cm),잔차(Cm)
2013-04-29 0:00,272,275,-3
2013-04-29 0:01,270,274,-4
2013-04-29 0:02,268,273,-5
2013-04-29 0:03,267,272,-5
2013-04-29 0:04,266,270,-4
2013-04-29 0:05,265,269,-4
2013-04-29 0:06,263,268,-5
2013-04-29 0:07,262,267,-5
2013-04-29 0:08,261,266,-5
2013-04-29 0:09,259,265,-6
2013-04-29 0:10,258,264,-6
2013-04-29 0:11,257,262,-5
2013-04-29 0:12,255,261,-6
2013-04-29 0:13,254,260,-6
2013-04-29 0:14,253,259,-6
2013-04-29 0:15,252,258,-6
2013-04-29 0:16,250,257,-7
2013-04-29 0:17,249,256,-7
2013-04-29 0:18,248,254,-6
2013-04-29 0:19,246,253,-7
2013-04-29 0:20,245,252,-7
2013-04-29 0:21,244,251,-7
2013-04-29 0:22,243,250,-7
2013-04-29 0:23,241,248,-7
2013-04-29 0:24,240,247,-7
2013-04-29 0:25,239,246,-7
2013-04-29 0:26,238,245,-7
2013-04-29 0:27,236,244,-8
2013-04-29 0:28,235,242,-7
2013-04-29 0:29,233,241,-8
2013-04-29 0:30,231,240,-9
2013-04-29 0:31,231,239,-8
2013-04-29 0:32,229,237,-8
2013-04-29 0:33,228,236,-8
2013-04-29 0:34,227,235,-8
2013-04-29 0:35,226,234,-8
2013-04-29 0:36,224,232,-8
2013-04-29 0:37,223,231,-8
2013-04-29 0:38,222,230,-8
2013-04-29 0:39,222,229,-7
2013-04-29 0:40,221,227,-6
2013-04-29 0:41,219,226,-7
2013-04-29 0:42,218,225,-7
2013-04-29 0:43,217,224,-7
2013-04-29 0:44,215,222,-7
2013-04-29 0:45,214,221,-7
2013-04-29 0:46,213,220,-7
2013-04-29 0:47,212,218,-6
2013-04-29 0:48,211,217,-6
2013-04-29 0:49,210,216,-6
2013-04-29 0:50,209,214,-5
2013-04-29 0:51,208,213,-5
2013-04-29 0:52,207,212,-5
2013-04-29 0:53,206,210,-4
2013-04-29 0:54,205,209,-4
2013-04-29 0:55,203,208,-5
2013-04-29 0:56,202,206,-4
2013-04-29 0:57,201,205,-4
2013-04-29 0:58,200,204,-4
2013-04-29 0:59,199,202,-3
2013-04-29 1:00,198,201,-3
2013-04-29 1:01,197,200,-3
2013-04-29 1:02,196,198,-2
2013-04-29 1:03,195,197,-2
2013-04-29 1:04,194,196,-2
2013-04-29 1:05,192,194,-2
2013-04-29 1:06,192,193,-1
2013-04-29 1:07,190,192,-2
2013-04-29 1:08,190,190,0
2013-04-29 1:09,188,189,-1
2013-04-29 1:10,187,188,-1
2013-04-29 1:11,186,186,0
2013-04-29 1:12,185,185,0
2013-04-29 1:13,184,184,0
2013-04-29 1:14,183,182,1
2013-04-29 1:15,182,181,1
2013-04-29 1:16,181,180,1
2013-04-29 1:17,180,178,2
2013-04-29 1:18,179,177,2
2013-04-29 1:19,178,175,3
2013-04-29 1:20,177,174,3
2013-04-29 1:21,175,173,2
2013-04-29 1:22,175,171,4
2013-04-29 1:23,174,170,4
2013-04-29 1:24,173,169,4
2013-04-29 1:25,172,167,5
2013-04-29 1:26,171,166,5
2013-04-29 1:27,169,165,4
2013-04-29 1:28,169,163,6
2013-04-29 1:29,168,162,6
2013-04-29 1:30,167,161,6
2013-04-29 1:31,166,159,7
2013-04-29 1:32,165,158,7
2013-04-29 1:33,164,157,7
2013-04-29 1:34,162,156,6
2013-04-29 1:35,162,154,8
2013-04-29 1:36,161,153,8
2013-04-29 1:37,159,152,7
2013-04-29 1:38,158,150,8
2013-04-29 1:39,157,149,8
2013-04-29 1:40,156,148,8
2013-04-29 1:41,155,146,9
2013-04-29 1:42,154,145,9
2013-04-29 1:43,153,144,9
2013-04-29 1:44,152,143,9
2013-04-29 1:45,151,141,10
2013-04-29 1:46,150,140,10
2013-04-29 1:47,149,139,10
2013-04-29 1:48,148,138,10
2013-04-29 1:49,147,136,11
2013-04-29 1:50,147,135,12
2013-04-29 1:51,146,134,12
2013-04-29 1:52,144,133,11
2013-04-29 1:53,143,132,11
2013-04-29 1:54,142,130,12
2013-04-29 1:55,140,129,11
2013-04-29 1:56,140,128,12
2013-04-29 1:57,139,127,12
2013-04-29 1:58,138,126,12
2013-04-29 1:59,137,125,12
2013-04-29 2:00,136,124,12
2013-04-29 2:01,135,122,13
2013-04-29 2:02,134,121,13
2013-04-29 2:03,134,120,14
2013-04-29 2:04,132,119,13
2013-04-29 2:05,131,118,13
2013-04-29 2:06,130,117,13
2013-04-29 2:07,129,116,13
2013-04-29 2:08,129,115,14
2013-04-29 2:09,128,114,14
2013-04-29 2:10,127,113,14
2013-04-29 2:11,126,112,14
2013-04-29 2:12,125,111,14
2013-04-29 2:13,124,110,14
2013-04-29 2:14,123,109,14
2013-04-29 2:15,122,108,14
2013-04-29 2:16,121,107,14
2013-04-29 2:17,121,106,15
2013-04-29 2:18,119,105,14
2013-04-29 2:19,119,104,15
2013-04-29 2:20,118,103,15
2013-04-29 2:21,116,102,14
2013-04-29 2:22,116,101,15
2013-04-29 2:23,115,101,14
2013-04-29 2:24,114,100,14
2013-04-29 2:25,113,99,14
2013-04-29 2:26,112,98,14
2013-04-29 2:27,112,97,15
2013-04-29 2:28,111,96,15
2013-04-29 2:29,110,96,14
2013-04-29 2:30,109,95,14
2013-04-29 2:31,109,94,15
2013-04-29 2:32,107,93,14
2013-04-29 2:33,106,93,13
2013-04-29 2:34,105,92,13
2013-04-29 2:35,105,91,14
2013-04-29 2:36,104,91,13
2013-04-29 2:37,103,90,13
2013-04-29 2:38,102,89,13
2013-04-29 2:39,101,89,12
2013-04-29 2:40,101,88,13
2013-04-29 2:41,99,87,12
2013-04-29 2:42,98,87,11
2013-04-29 2:43,97,86,11
2013-04-29 2:44,97,86,11
2013-04-29 2:45,96,85,11
2013-04-29 2:46,96,85,11
2013-04-29 2:47,95,84,11
2013-04-29 2:48,94,84,10
2013-04-29 2:49,94,83,11
2013-04-29 2:50,92,83,9
2013-04-29 2:51,92,82,10
2013-04-29 2:52,91,82,9
2013-04-29 2:53,90,82,8
2013-04-29 2:54,89,81,8
2013-04-29 2:55,89,81,8
2013-04-29 2:56,87,81,6
2013-04-29 2:57,86,80,6
2013-04-29 2:58,85,80,5
2013-04-29 2:59,84,80,4
2013-04-29 3:00,83,79,4
2013-04-29 3:01,84,79,5
2013-04-29 3:02,83,79,4
2013-04-29 3:03,81,79,2
2013-04-29 3:04,81,79,2
2013-04-29 3:05,81,78,3
2013-04-29 3:06,80,78,2
2013-04-29 3:07,79,78,1
2013-04-29 3:08,79,78,1
2013-04-29 3:09,78,78,0
2013-04-29 3:10,78,78,0
2013-04-29 3:11,77,78,-1
2013-04-29 3:12,77,78,-1
2013-04-29 3:13,76,78,-2
2013-04-29 3:14,76,78,-2
2013-04-29 3:15,76,78,-2
2013-04-29 3:16,74,78,-4
2013-04-29 3:17,74,78,-4
2013-04-29 3:18,74,78,-4
2013-04-29 3:19,74,78,-4
2013-04-29 3:20,73,78,-5
2013-04-29 3:21,74,78,-4
2013-04-29 3:22,74,79,-5
2013-04-29 3:23,74,79,-5
2013-04-29 3:24,74,79,-5
2013-04-29 3:25,75,79,-4
2013-04-29 3:26,75,79,-4
2013-04-29 3:27,76,80,-4
2013-04-29 3:28,77,80,-3
2013-04-29 3:29,78,80,-2
2013-04-29 3:30,79,81,-2
2013-04-29 3:31,81,81,0
2013-04-29 3:32,83,81,2
2013-04-29 3:33,85,82,3
2013-04-29 3:34,88,82,6
2013-04-29 3:35,90,83,7
2013-04-29 3:36,93,83,10
2013-04-29 3:37,95,84,11
2013-04-29 3:38,98,84,14
2013-04-29 3:39,101,85,16
2013-04-29 3:40,103,85,18
2013-04-29 3:41,106,86,20
2013-04-29 3:42,108,87,21
2013-04-29 3:43,111,87,24
2013-04-29 3:44,113,88,25
2013-04-29 3:45,115,88,27
2013-04-29 3:46,117,89,28
2013-04-29 3:47,119,90,29
2013-04-29 3:48,121,91,30
2013-04-29 3:49,123,91,32
2013-04-29 3:50,125,92,33
2013-04-29 3:51,126,93,33
2013-04-29 3:52,129,94,35
2013-04-29 3:53,131,95,36
2013-04-29 3:54,133,96,37
2013-04-29 3:55,135,97,38
2013-04-29 3:56,137,97,40
2013-04-29 3:57,139,98,41
2013-04-29 3:58,141,99,42
2013-04-29 3:59,143,100,43
2013-04-29 4:00,145,101,44
2013-04-29 4:01,147,103,44
2013-04-29 4:02,149,104,45
2013-04-29 4:03,150,105,45
2013-04-29 4:04,152,106,46
2013-04-29 4:05,154,107,47
2013-04-29 4:06,156,108,48
2013-04-29 4:07,157,109,48
2013-04-29 4:08,159,111,48
2013-04-29 4:09,161,112,49
2013-04-29 4:10,162,113,49
2013-04-29 4:11,164,114,50
2013-04-29 4:12,166,116,50
2013-04-29 4:13,167,117,50
2013-04-29 4:14,169,118,51
2013-04-29 4:15,170,120,50
2013-04-29 4:16,172,121,51
2013-04-29 4:17,173,123,50
2013-04-29 4:18,175,124,51
2013-04-29 4:19,176,126,50
2013-04-29 4:20,177,127,50
2013-04-29 4:21,179,129,50
2013-04-29 4:22,181,130,51
2013-04-29 4:23,182,132,50
2013-04-29 4:24,184,134,50
2013-04-29 4:25,185,135,50
2013-04-29 4:26,187,137,50
2013-04-29 4:27,188,139,49
2013-04-29 4:28,190,140,50
2013-04-29 4:29,191,142,49
2013-04-29 4:30,193,144,49
2013-04-29 4:31,194,146,48
2013-04-29 4:32,196,148,48
2013-04-29 4:33,198,149,49
2013-04-29 4:34,199,151,48
2013-04-29 4:35,201,153,48
2013-04-29 4:36,203,155,48
2013-04-29 4:37,205,157,48
2013-04-29 4:38,206,159,47
2013-04-29 4:39,208,161,47
2013-04-29 4:40,210,163,47
2013-04-29 4:41,211,165,46
2013-04-29 4:42,213,167,46
2013-04-29 4:43,215,170,45
2013-04-29 4:44,217,172,45
2013-04-29 4:45,219,174,45
2013-04-29 4:46,222,176,46
2013-04-29 4:47,223,178,45
2013-04-29 4:48,225,181,44
2013-04-29 4:49,228,183,45
2013-04-29 4:50,229,185,44
2013-04-29 4:51,232,187,45
2013-04-29 4:52,234,190,44
2013-04-29 4:53,236,192,44
2013-04-29 4:54,238,195,43
2013-04-29 4:55,240,197,43
2013-04-29 4:56,242,199,43
2013-04-29 4:57,245,202,43
2013-04-29 4:58,248,204,44
2013-04-29 4:59,250,207,43
2013-04-29 5:00,252,209,43
2013-04-29 5:01,255,212,43
2013-04-29 5:02,257,215,42
2013-04-29 5:03,259,217,42
2013-04-29 5:04,261,220,41
2013-04-29 5:05,261,223,38
2013-04-29 5:06,265,225,40
2013-04-29 5:07,268,228,40
2013-04-29 5:08,271,231,40
2013-04-29 5:09,274,234,40
2013-04-29 5:10,276,236,40
2013-04-29 5:11,279,239,40
2013-04-29 5:12,281,242,39
2013-04-29 5:13,284,245,39
2013-04-29 5:14,287,248,39
2013-04-29 5:15,289,251,38
2013-04-29 5:16,292,254,38
2013-04-29 5:17,295,257,38
2013-04-29 5:18,298,260,38
2013-04-29 5:19,301,263,38
2013-04-29 5:20,304,266,38
2013-04-29 5:21,307,269,38
2013-04-29 5:22,310,272,38
2013-04-29 5:23,313,275,38
2013-04-29 5:24,316,278,38
2013-04-29 5:25,319,281,38
2013-04-29 5:26,323,284,39
2013-04-29 5:27,326,287,39
2013-04-29 5:28,330,290,40
2013-04-29 5:29,333,294,39
2013-04-29 5:30,337,297,40
2013-04-29 5:31,340,300,40
2013-04-29 5:32,344,303,41
2013-04-29 5:33,348,307,41
2013-04-29 5:34,352,310,42
2013-04-29 5:35,356,313,43
2013-04-29 5:36,360,317,43
2013-04-29 5:37,364,320,44
2013-04-29 5:38,367,323,44
2013-04-29 5:39,372,327,45
2013-04-29 5:40,375,330,45
2013-04-29 5:41,379,333,46
2013-04-29 5:42,383,337,46
2013-04-29 5:43,387,340,47
2013-04-29 5:44,390,344,46
2013-04-29 5:45,394,347,47
2013-04-29 5:46,397,351,46
2013-04-29 5:47,401,354,47
2013-04-29 5:48,405,358,47
2013-04-29 5:49,409,361,48
2013-04-29 5:50,412,365,47
2013-04-29 5:51,416,368,48
2013-04-29 5:52,419,372,47
2013-04-29 5:53,423,375,48
2013-04-29 5:54,427,379,48
2013-04-29 5:55,431,383,48
2013-04-29 5:56,435,386,49
2013-04-29 5:57,439,390,49
2013-04-29 5:58,442,393,49
2013-04-29 5:59,446,397,49
2013-04-29 6:00,450,401,49
2013-04-29 6:01,453,404,49
2013-04-29 6:02,457,408,49
2013-04-29 6:03,461,412,49
2013-04-29 6:04,465,415,50
2013-04-29 6:05,469,419,50
2013-04-29 6:06,473,423,50
2013-04-29 6:07,477,426,51
2013-04-29 6:08,481,430,51
2013-04-29 6:09,485,434,51
2013-04-29 6:10,489,437,52
2013-04-29 6:11,493,441,52
2013-04-29 6:12,498,445,53
2013-04-29 6:13,501,448,53
2013-04-29 6:14,506,452,54
2013-04-29 6:15,510,456,54
2013-04-29 6:16,514,459,55
2013-04-29 6:17,519,463,56
2013-04-29 6:18,524,467,57
2013-04-29 6:19,527,470,57
2013-04-29 6:20,532,474,58
2013-04-29 6:21,536,478,58
2013-04-29 6:22,540,481,59
2013-04-29 6:23,544,485,59
2013-04-29 6:24,548,489,59
2013-04-29 6:25,552,492,60
2013-04-29 6:26,556,496,60
2013-04-29 6:27,560,499,61
2013-04-29 6:28,564,503,61
2013-04-29 6:29,566,507,59
2013-04-29 6:30,570,510,60
2013-04-29 6:31,573,514,59
2013-04-29 6:32,577,518,59
2013-04-29 6:33,580,521,59
2013-04-29 6:34,584,525,59
2013-04-29 6:35,587,528,59
2013-04-29 6:36,590,532,58
2013-04-29 6:37,594,535,59
2013-04-29 6:38,598,539,59
2013-04-29 6:39,601,542,59
2013-04-29 6:40,604,546,58
2013-04-29 6:41,607,549,58
2013-04-29 6:42,610,553,57
2013-04-29 6:43,613,556,57
2013-04-29 6:44,617,560,57
2013-04-29 6:45,620,563,57
2013-04-29 6:46,622,566,56
2013-04-29 6:47,625,570,55
2013-04-29 6:48,628,573,55
2013-04-29 6:49,630,576,54
2013-04-29 6:50,633,580,53
2013-04-29 6:51,636,583,53
2013-04-29 6:52,639,586,53
2013-04-29 6:53,642,589,53
2013-04-29 6:54,646,593,53
2013-04-29 6:55,649,596,53
2013-04-29 6:56,653,599,54
2013-04-29 6:57,655,602,53
2013-04-29 6:58,658,605,53
2013-04-29 6:59,661,608,53
2013-04-29 7:00,664,611,53
2013-04-29 7:01,668,615,53
2013-04-29 7:02,671,618,53
2013-04-29 7:03,674,621,53
2013-04-29 7:04,677,624,53
2013-04-29 7:05,681,626,55
2013-04-29 7:06,684,629,55
2013-04-29 7:07,687,632,55
2013-04-29 7:08,690,635,55
2013-04-29 7:09,692,638,54
2013-04-29 7:10,695,641,54
2013-04-29 7:11,697,643,54
2013-04-29 7:12,699,646,53
2013-04-29 7:13,701,649,52
2013-04-29 7:14,704,651,53
2013-04-29 7:15,706,654,52
2013-04-29 7:16,709,657,52
2013-04-29 7:17,711,659,52
2013-04-29 7:18,712,662,50
2013-04-29 7:19,714,664,50
2013-04-29 7:20,716,667,49
2013-04-29 7:21,718,669,49
2013-04-29 7:22,720,671,49
2013-04-29 7:23,722,674,48
2013-04-29 7:24,724,676,48
2013-04-29 7:25,725,678,47
2013-04-29 7:26,727,681,46
2013-04-29 7:27,729,683,46
2013-04-29 7:28,730,685,45
2013-04-29 7:29,731,687,44
2013-04-29 7:30,733,689,44
2013-04-29 7:31,734,691,43
2013-04-29 7:32,736,693,43
2013-04-29 7:33,737,695,42
2013-04-29 7:34,739,697,42
2013-04-29 7:35,740,699,41
2013-04-29 7:36,742,701,41
2013-04-29 7:37,744,702,42
2013-04-29 7:38,746,704,42
2013-04-29 7:39,748,706,42
2013-04-29 7:40,750,707,43
2013-04-29 7:41,751,709,42
2013-04-29 7:42,753,711,42
2013-04-29 7:43,754,712,42
2013-04-29 7:44,755,714,41
2013-04-29 7:45,757,715,42
2013-04-29 7:46,758,716,42
2013-04-29 7:47,759,718,41
2013-04-29 7:48,759,719,40
2013-04-29 7:49,761,720,41
2013-04-29 7:50,762,722,40
2013-04-29 7:51,763,723,40
2013-04-29 7:52,-,724,-
2013-04-29 7:53,-,725,-
2013-04-29 7:54,-,726,-
2013-04-29 7:55,764,727,37
2013-04-29 7:56,764,728,36
2013-04-29 7:57,765,729,36
2013-04-29 7:58,765,730,35
2013-04-29 7:59,765,731,34
2013-04-29 8:00,766,731,35
2013-04-29 8:01,766,732,34
2013-04-29 8:02,767,733,34
2013-04-29 8:03,767,733,34
2013-04-29 8:04,767,734,33
2013-04-29 8:05,767,735,32
2013-04-29 8:06,767,735,32
2013-04-29 8:07,767,736,31
2013-04-29 8:08,768,736,32
2013-04-29 8:09,768,736,32
2013-04-29 8:10,768,737,31
2013-04-29 8:11,769,737,32
2013-04-29 8:12,769,737,32
2013-04-29 8:13,769,737,32
2013-04-29 8:14,769,737,32
2013-04-29 8:15,768,738,30
2013-04-29 8:16,768,738,30
2013-04-29 8:17,768,738,30
2013-04-29 8:18,768,738,30
2013-04-29 8:19,767,738,29
2013-04-29 8:20,766,737,29
2013-04-29 8:21,766,737,29
2013-04-29 8:22,765,737,28
2013-04-29 8:23,765,737,28
2013-04-29 8:24,765,737,28
2013-04-29 8:25,764,736,28
2013-04-29 8:26,764,736,28
2013-04-29 8:27,764,735,29
2013-04-29 8:28,764,735,29
2013-04-29 8:29,763,735,28
2013-04-29 8:30,763,734,29
2013-04-29 8:31,762,733,29
2013-04-29 8:32,761,733,28
2013-04-29 8:33,759,732,27
2013-04-29 8:34,759,731,28
2013-04-29 8:35,758,731,27
2013-04-29 8:36,758,730,28
2013-04-29 8:37,757,729,28
2013-04-29 8:38,756,728,28
2013-04-29 8:39,756,727,29
2013-04-29 8:40,755,727,28
2013-04-29 8:41,754,726,28
2013-04-29 8:42,753,725,28
2013-04-29 8:43,751,724,27
2013-04-29 8:44,750,723,27
2013-04-29 8:45,750,721,29
2013-04-29 8:46,748,720,28
2013-04-29 8:47,748,719,29
2013-04-29 8:48,747,718,29
2013-04-29 8:49,746,717,29
2013-04-29 8:50,744,715,29
2013-04-29 8:51,743,714,29
2013-04-29 8:52,741,713,28
2013-04-29 8:53,740,711,29
2013-04-29 8:54,738,710,28
2013-04-29 8:55,736,709,27
2013-04-29 8:56,734,707,27
2013-04-29 8:57,733,706,27
2013-04-29 8:58,731,704,27
2013-04-29 8:59,730,703,27
2013-04-29 9:00,728,701,27
2013-04-29 9:01,726,699,27
2013-04-29 9:02,724,698,26
2013-04-29 9:03,722,696,26
2013-04-29 9:04,720,695,25
2013-04-29 9:05,717,693,24
2013-04-29 9:06,715,691,24
2013-04-29 9:07,713,689,24
2013-04-29 9:08,711,688,23
2013-04-29 9:09,709,686,23
2013-04-29 9:10,707,684,23
2013-04-29 9:11,704,682,22
2013-04-29 9:12,702,680,22
2013-04-29 9:13,700,678,22
2013-04-29 9:14,697,676,21
2013-04-29 9:15,696,674,22
2013-04-29 9:16,694,673,21
2013-04-29 9:17,692,671,21
2013-04-29 9:18,690,669,21
2013-04-29 9:19,688,667,21
2013-04-29 9:20,687,665,22
2013-04-29 9:21,685,663,22
2013-04-29 9:22,683,660,23
2013-04-29 9:23,681,658,23
2013-04-29 9:24,679,656,23
2013-04-29 9:25,677,654,23
2013-04-29 9:26,675,652,23
2013-04-29 9:27,673,650,23
2013-04-29 9:28,670,648,22
2013-04-29 9:29,669,646,23
2013-04-29 9:30,667,644,23
2013-04-29 9:31,665,641,24
2013-04-29 9:32,663,639,24
2013-04-29 9:33,662,637,25
2013-04-29 9:34,659,635,24
2013-04-29 9:35,658,633,25
2013-04-29 9:36,656,630,26
2013-04-29 9:37,654,628,26
2013-04-29 9:38,652,626,26
2013-04-29 9:39,650,624,26
2013-04-29 9:40,648,621,27
2013-04-29 9:41,646,619,27
2013-04-29 9:42,644,617,27
2013-04-29 9:43,642,615,27
2013-04-29 9:44,640,612,28
2013-04-29 9:45,638,610,28
2013-04-29 9:46,636,608,28
2013-04-29 9:47,634,605,29
2013-04-29 9:48,632,603,29
2013-04-29 9:49,630,601,29
2013-04-29 9:50,627,598,29
2013-04-29 9:51,625,596,29
2013-04-29 9:52,623,594,29
2013-04-29 9:53,621,592,29
2013-04-29 9:54,619,589,30
2013-04-29 9:55,616,587,29
2013-04-29 9:56,614,585,29
2013-04-29 9:57,612,582,30
2013-04-29 9:58,610,580,30
2013-04-29 9:59,607,578,29
2013-04-29 10:00,605,575,30
2013-04-29 10:01,603,573,30
2013-04-29 10:02,601,571,30
2013-04-29 10:03,599,569,30
2013-04-29 10:04,597,566,31
2013-04-29 10:05,595,564,31
2013-04-29 10:06,593,562,31
2013-04-29 10:07,591,559,32
2013-04-29 10:08,588,557,31
2013-04-29 10:09,587,555,32
2013-04-29 10:10,585,553,32
2013-04-29 10:11,582,550,32
2013-04-29 10:12,580,548,32
2013-04-29 10:13,579,546,33
2013-04-29 10:14,577,544,33
2013-04-29 10:15,575,541,34
2013-04-29 10:16,573,539,34
2013-04-29 10:17,571,537,34
2013-04-29 10:18,569,535,34
2013-04-29 10:19,567,533,34
2013-04-29 10:20,566,530,36
2013-04-29 10:21,563,528,35
2013-04-29 10:22,561,526,35
2013-04-29 10:23,559,524,35
2013-04-29 10:24,557,522,35
2013-04-29 10:25,555,520,35
2013-04-29 10:26,553,518,35
2013-04-29 10:27,550,515,35
2013-04-29 10:28,548,513,35
2013-04-29 10:29,546,511,35
2013-04-29 10:30,544,509,35
2013-04-29 10:31,542,507,35
2013-04-29 10:32,540,505,35
2013-04-29 10:33,538,503,35
2013-04-29 10:34,536,501,35
2013-04-29 10:35,534,499,35
2013-04-29 10:36,532,497,35
2013-04-29 10:37,530,495,35
2013-04-29 10:38,528,493,35
2013-04-29 10:39,525,491,34
2013-04-29 10:40,524,489,35
2013-04-29 10:41,521,487,34
2013-04-29 10:42,519,485,34
2013-04-29 10:43,517,483,34
2013-04-29 10:44,515,481,34
2013-04-29 10:45,513,479,34
2013-04-29 10:46,510,477,33
2013-04-29 10:47,508,475,33
2013-04-29 10:48,506,474,32
2013-04-29 10:49,504,472,32
2013-04-29 10:50,503,470,33
2013-04-29 10:51,501,468,33
2013-04-29 10:52,499,466,33
2013-04-29 10:53,497,464,33
2013-04-29 10:54,495,463,32
2013-04-29 10:55,492,461,31
2013-04-29 10:56,491,459,32
2013-04-29 10:57,488,457,31
2013-04-29 10:58,486,455,31
2013-04-29 10:59,485,454,31
2013-04-29 11:00,482,452,30
2013-04-29 11:01,480,450,30
2013-04-29 11:02,479,449,30
2013-04-29 11:03,476,447,29
2013-04-29 11:04,474,445,29
2013-04-29 11:05,472,443,29
2013-04-29 11:06,470,442,28
2013-04-29 11:07,468,440,28
2013-04-29 11:08,467,439,28
2013-04-29 11:09,464,437,27
2013-04-29 11:10,463,435,28
2013-04-29 11:11,460,434,26
2013-04-29 11:12,458,432,26
2013-04-29 11:13,456,430,26
2013-04-29 11:14,454,429,25
2013-04-29 11:15,452,427,25
2013-04-29 11:16,450,426,24
2013-04-29 11:17,448,424,24
2013-04-29 11:18,446,423,23
2013-04-29 11:19,444,421,23
2013-04-29 11:20,442,420,22
2013-04-29 11:21,440,418,22
2013-04-29 11:22,438,417,21
2013-04-29 11:23,436,415,21
2013-04-29 11:24,434,414,20
2013-04-29 11:25,432,412,20
2013-04-29 11:26,430,411,19
2013-04-29 11:27,428,409,19
2013-04-29 11:28,426,408,18
2013-04-29 11:29,425,406,19
2013-04-29 11:30,422,405,17
2013-04-29 11:31,420,403,17
2013-04-29 11:32,418,402,16
2013-04-29 11:33,417,401,16
2013-04-29 11:34,415,399,16
2013-04-29 11:35,413,398,15
2013-04-29 11:36,411,396,15
2013-04-29 11:37,409,395,14
2013-04-29 11:38,408,394,14
2013-04-29 11:39,406,392,14
2013-04-29 11:40,404,391,13
2013-04-29 11:41,402,389,13
2013-04-29 11:42,400,388,12
2013-04-29 11:43,398,387,11
2013-04-29 11:44,396,385,11
2013-04-29 11:45,395,384,11
2013-04-29 11:46,393,383,10
2013-04-29 11:47,391,381,10
2013-04-29 11:48,390,380,10
2013-04-29 11:49,388,379,9
2013-04-29 11:50,386,377,9
2013-04-29 11:51,384,376,8
2013-04-29 11:52,382,375,7
2013-04-29 11:53,381,373,8
2013-04-29 11:54,379,372,7
2013-04-29 11:55,377,371,6
2013-04-29 11:56,375,369,6
2013-04-29 11:57,374,368,6
2013-04-29 11:58,372,367,5
2013-04-29 11:59,371,365,6
2013-04-29 12:00,369,364,5
2013-04-29 12:01,367,363,4
2013-04-29 12:02,366,362,4
2013-04-29 12:03,363,360,3
2013-04-29 12:04,362,359,3
2013-04-29 12:05,360,358,2
2013-04-29 12:06,359,356,3
2013-04-29 12:07,357,355,2
2013-04-29 12:08,355,354,1
2013-04-29 12:09,354,352,2
2013-04-29 12:10,352,351,1
2013-04-29 12:11,351,350,1
2013-04-29 12:12,350,349,1
2013-04-29 12:13,348,347,1
2013-04-29 12:14,346,346,0
2013-04-29 12:15,345,345,0
2013-04-29 12:16,343,343,0
2013-04-29 12:17,342,342,0
2013-04-29 12:18,340,341,-1
2013-04-29 12:19,338,339,-1
2013-04-29 12:20,337,338,-1
2013-04-29 12:21,336,337,-1
2013-04-29 12:22,334,335,-1
2013-04-29 12:23,333,334,-1
2013-04-29 12:24,331,333,-2
2013-04-29 12:25,329,332,-3
2013-04-29 12:26,328,330,-2
2013-04-29 12:27,327,329,-2
2013-04-29 12:28,325,328,-3
2013-04-29 12:29,323,326,-3
2013-04-29 12:30,322,325,-3
2013-04-29 12:31,321,324,-3
2013-04-29 12:32,319,322,-3
2013-04-29 12:33,318,321,-3
2013-04-29 12:34,316,320,-4
2013-04-29 12:35,315,318,-3
2013-04-29 12:36,314,317,-3
2013-04-29 12:37,312,315,-3
2013-04-29 12:38,311,314,-3
2013-04-29 12:39,310,313,-3
2013-04-29 12:40,308,311,-3
2013-04-29 12:41,307,310,-3
2013-04-29 12:42,306,309,-3
2013-04-29 12:43,304,307,-3
2013-04-29 12:44,303,306,-3
2013-04-29 12:45,302,305,-3
2013-04-29 12:46,300,303,-3
2013-04-29 12:47,298,302,-4
2013-04-29 12:48,297,300,-3
2013-04-29 12:49,296,299,-3
2013-04-29 12:50,294,298,-4
2013-04-29 12:51,293,296,-3
2013-04-29 12:52,291,295,-4
2013-04-29 12:53,290,293,-3
2013-04-29 12:54,289,292,-3
2013-04-29 12:55,288,291,-3
2013-04-29 12:56,286,289,-3
2013-04-29 12:57,285,288,-3
2013-04-29 12:58,283,286,-3
2013-04-29 12:59,283,285,-2
2013-04-29 13:00,281,283,-2
2013-04-29 13:01,279,282,-3
2013-04-29 13:02,278,281,-3
2013-04-29 13:03,277,279,-2
2013-04-29 13:04,276,278,-2
2013-04-29 13:05,275,276,-1
2013-04-29 13:06,274,275,-1
2013-04-29 13:07,272,273,-1
2013-04-29 13:08,271,272,-1
2013-04-29 13:09,269,271,-2
2013-04-29 13:10,268,269,-1
2013-04-29 13:11,267,268,-1
2013-04-29 13:12,266,266,0
2013-04-29 13:13,265,265,0
2013-04-29 13:14,263,263,0
2013-04-29 13:15,262,262,0
2013-04-29 13:16,261,260,1
2013-04-29 13:17,260,259,1
2013-04-29 13:18,258,257,1
2013-04-29 13:19,257,256,1
2013-04-29 13:20,256,254,2
2013-04-29 13:21,254,253,1
2013-04-29 13:22,253,251,2
2013-04-29 13:23,252,250,2
2013-04-29 13:24,251,249,2
2013-04-29 13:25,250,247,3
2013-04-29 13:26,249,246,3
2013-04-29 13:27,248,244,4
2013-04-29 13:28,247,243,4
2013-04-29 13:29,246,241,5
2013-04-29 13:30,244,240,4
2013-04-29 13:31,243,238,5
2013-04-29 13:32,242,237,5
2013-04-29 13:33,241,235,6
2013-04-29 13:34,240,234,6
2013-04-29 13:35,239,232,7
2013-04-29 13:36,237,231,6
2013-04-29 13:37,235,229,6
2013-04-29 13:38,234,228,6
2013-04-29 13:39,234,226,8
2013-04-29 13:40,232,225,7
2013-04-29 13:41,231,224,7
2013-04-29 13:42,231,222,9
2013-04-29 13:43,229,221,8
2013-04-29 13:44,228,219,9
2013-04-29 13:45,227,218,9
2013-04-29 13:46,226,216,10
2013-04-29 13:47,225,215,10
2013-04-29 13:48,224,213,11
2013-04-29 13:49,222,212,10
2013-04-29 13:50,221,211,10
2013-04-29 13:51,220,209,11
2013-04-29 13:52,219,208,11
2013-04-29 13:53,218,206,12
2013-04-29 13:54,217,205,12
2013-04-29 13:55,215,203,12
2013-04-29 13:56,214,202,12
2013-04-29 13:57,213,201,12
2013-04-29 13:58,212,199,13
2013-04-29 13:59,211,198,13
2013-04-29 14:00,211,196,15
2013-04-29 14:01,209,195,14
2013-04-29 14:02,208,194,14
2013-04-29 14:03,207,192,15
2013-04-29 14:04,206,191,15
2013-04-29 14:05,205,190,15
2013-04-29 14:06,204,188,16
2013-04-29 14:07,203,187,16
2013-04-29 14:08,202,186,16
2013-04-29 14:09,201,184,17
2013-04-29 14:10,200,183,17
2013-04-29 14:11,199,182,17
2013-04-29 14:12,198,180,18
2013-04-29 14:13,197,179,18
2013-04-29 14:14,196,178,18
2013-04-29 14:15,195,176,19
2013-04-29 14:16,194,175,19
2013-04-29 14:17,193,174,19
2013-04-29 14:18,192,173,19
2013-04-29 14:19,191,171,20
2013-04-29 14:20,190,170,20
2013-04-29 14:21,189,169,20
2013-04-29 14:22,188,168,20
2013-04-29 14:23,187,166,21
2013-04-29 14:24,186,165,21
2013-04-29 14:25,185,164,21
2013-04-29 14:26,184,163,21
2013-04-29 14:27,183,162,21
2013-04-29 14:28,182,161,21
2013-04-29 14:29,181,159,22
2013-04-29 14:30,181,158,23
2013-04-29 14:31,179,157,22
2013-04-29 14:32,179,156,23
2013-04-29 14:33,177,155,22
2013-04-29 14:34,176,154,22
2013-04-29 14:35,176,153,23
2013-04-29 14:36,174,152,22
2013-04-29 14:37,174,151,23
2013-04-29 14:38,172,150,22
2013-04-29 14:39,172,148,24
2013-04-29 14:40,170,147,23
2013-04-29 14:41,170,146,24
2013-04-29 14:42,169,145,24
2013-04-29 14:43,168,144,24
2013-04-29 14:44,168,144,24
2013-04-29 14:45,167,143,24
2013-04-29 14:46,166,142,24
2013-04-29 14:47,165,141,24
2013-04-29 14:48,164,140,24
2013-04-29 14:49,163,139,24
2013-04-29 14:50,163,138,25
2013-04-29 14:51,162,137,25
2013-04-29 14:52,161,136,25
2013-04-29 14:53,159,135,24
2013-04-29 14:54,159,135,24
2013-04-29 14:55,158,134,24
2013-04-29 14:56,157,133,24
2013-04-29 14:57,156,132,24
2013-04-29 14:58,155,131,24
2013-04-29 14:59,154,131,23
2013-04-29 15:00,153,130,23
2013-04-29 15:01,153,129,24
2013-04-29 15:02,152,128,24
2013-04-29 15:03,151,128,23
2013-04-29 15:04,150,127,23
2013-04-29 15:05,150,126,24
2013-04-29 15:06,149,126,23
2013-04-29 15:07,148,125,23
2013-04-29 15:08,147,124,23
2013-04-29 15:09,146,124,22
2013-04-29 15:10,146,123,23
2013-04-29 15:11,143,123,20
2013-04-29 15:12,144,122,22
2013-04-29 15:13,143,121,22
2013-04-29 15:14,142,121,21
2013-04-29 15:15,142,120,22
2013-04-29 15:16,140,120,20
2013-04-29 15:17,140,119,21
2013-04-29 15:18,138,119,19
2013-04-29 15:19,138,118,20
2013-04-29 15:20,137,118,19
2013-04-29 15:21,135,118,17
2013-04-29 15:22,136,117,19
2013-04-29 15:23,135,117,18
2013-04-29 15:24,134,116,18
2013-04-29 15:25,133,116,17
2013-04-29 15:26,132,116,16
2013-04-29 15:27,132,116,16
2013-04-29 15:28,131,115,16
2013-04-29 15:29,130,115,15
2013-04-29 15:30,130,115,15
2013-04-29 15:31,129,114,15
2013-04-29 15:32,128,114,14
2013-04-29 15:33,128,114,14
2013-04-29 15:34,126,114,12
2013-04-29 15:35,126,114,12
2013-04-29 15:36,125,113,12
2013-04-29 15:37,124,113,11
2013-04-29 15:38,124,113,11
2013-04-29 15:39,123,113,10
2013-04-29 15:40,121,113,8
2013-04-29 15:41,121,113,8
2013-04-29 15:42,120,113,7
2013-04-29 15:43,120,113,7
2013-04-29 15:44,119,113,6
2013-04-29 15:45,118,113,5
2013-04-29 15:46,118,113,5
2013-04-29 15:47,118,113,5
2013-04-29 15:48,117,113,4
2013-04-29 15:49,116,113,3
2013-04-29 15:50,116,113,3
2013-04-29 15:51,116,113,3
2013-04-29 15:52,116,114,2
2013-04-29 15:53,115,114,1
2013-04-29 15:54,114,114,0
2013-04-29 15:55,114,114,0
2013-04-29 15:56,114,114,0
2013-04-29 15:57,114,115,-1
2013-04-29 15:58,114,115,-1
2013-04-29 15:59,113,115,-2
2013-04-29 16:00,114,115,-1
2013-04-29 16:01,114,116,-2
2013-04-29 16:02,114,116,-2
2013-04-29 16:03,114,117,-3
2013-04-29 16:04,115,117,-2
2013-04-29 16:05,116,117,-1
2013-04-29 16:06,116,118,-2
2013-04-29 16:07,116,118,-2
2013-04-29 16:08,117,119,-2
2013-04-29 16:09,119,119,0
2013-04-29 16:10,120,120,0
2013-04-29 16:11,122,120,2
2013-04-29 16:12,123,121,2
2013-04-29 16:13,126,121,5
2013-04-29 16:14,128,122,6
2013-04-29 16:15,131,123,8
2013-04-29 16:16,133,123,10
2013-04-29 16:17,136,124,12
2013-04-29 16:18,140,125,15
2013-04-29 16:19,142,125,17
2013-04-29 16:20,145,126,19
2013-04-29 16:21,148,127,21
2013-04-29 16:22,151,127,24
2013-04-29 16:23,154,128,26
2013-04-29 16:24,156,129,27
2013-04-29 16:25,158,130,28
2013-04-29 16:26,161,131,30
2013-04-29 16:27,163,132,31
2013-04-29 16:28,165,132,33
2013-04-29 16:29,167,133,34
2013-04-29 16:30,169,134,35
2013-04-29 16:31,170,135,35
2013-04-29 16:32,173,136,37
2013-04-29 16:33,175,137,38
2013-04-29 16:34,176,138,38
2013-04-29 16:35,178,139,39
2013-04-29 16:36,180,140,40
2013-04-29 16:37,181,142,39
2013-04-29 16:38,183,143,40
2013-04-29 16:39,185,144,41
2013-04-29 16:40,186,145,41
2013-04-29 16:41,188,146,42
2013-04-29 16:42,189,147,42
2013-04-29 16:43,191,149,42
2013-04-29 16:44,192,150,42
2013-04-29 16:45,194,151,43
2013-04-29 16:46,195,152,43
2013-04-29 16:47,196,154,42
2013-04-29 16:48,198,155,43
2013-04-29 16:49,199,156,43
2013-04-29 16:50,201,158,43
2013-04-29 16:51,202,159,43
2013-04-29 16:52,203,161,42
2013-04-29 16:53,204,162,42
2013-04-29 16:54,206,164,42
2013-04-29 16:55,207,165,42
2013-04-29 16:56,208,167,41
2013-04-29 16:57,209,168,41
2013-04-29 16:58,210,170,40
2013-04-29 16:59,211,171,40
2013-04-29 17:00,213,173,40
2013-04-29 17:01,213,175,38
2013-04-29 17:02,215,176,39
2013-04-29 17:03,216,178,38
2013-04-29 17:04,217,180,37
2013-04-29 17:05,218,181,37
2013-04-29 17:06,219,183,36
2013-04-29 17:07,220,185,35
2013-04-29 17:08,221,187,34
2013-04-29 17:09,223,188,35
2013-04-29 17:10,224,190,34
2013-04-29 17:11,225,192,33
2013-04-29 17:12,225,194,31
2013-04-29 17:13,227,196,31
2013-04-29 17:14,227,198,29
2013-04-29 17:15,229,200,29
2013-04-29 17:16,230,202,28
2013-04-29 17:17,231,204,27
2013-04-29 17:18,232,206,26
2013-04-29 17:19,233,208,25
2013-04-29 17:20,234,210,24
2013-04-29 17:21,235,212,23
2013-04-29 17:22,237,214,23
2013-04-29 17:23,238,216,22
2013-04-29 17:24,240,218,22
2013-04-29 17:25,241,221,20
2013-04-29 17:26,243,223,20
2013-04-29 17:27,244,225,19
2013-04-29 17:28,245,227,18
2013-04-29 17:29,247,230,17
2013-04-29 17:30,248,232,16
2013-04-29 17:31,250,234,16
2013-04-29 17:32,252,236,16
2013-04-29 17:33,253,239,14
2013-04-29 17:34,255,241,14
2013-04-29 17:35,257,243,14
2013-04-29 17:36,259,246,13
2013-04-29 17:37,260,248,12
2013-04-29 17:38,262,251,11
2013-04-29 17:39,263,253,10
2013-04-29 17:40,265,256,9
2013-04-29 17:41,267,258,9
2013-04-29 17:42,269,261,8
2013-04-29 17:43,271,263,8
2013-04-29 17:44,273,266,7
2013-04-29 17:45,275,268,7
2013-04-29 17:46,277,271,6
2013-04-29 17:47,279,274,5
2013-04-29 17:48,281,276,5
2013-04-29 17:49,283,279,4
2013-04-29 17:50,285,281,4
2013-04-29 17:51,288,284,4
2013-04-29 17:52,290,287,3
2013-04-29 17:53,293,290,3
2013-04-29 17:54,295,292,3
2013-04-29 17:55,298,295,3
2013-04-29 17:56,300,298,2
2013-04-29 17:57,303,301,2
2013-04-29 17:58,306,303,3
2013-04-29 17:59,308,306,2
2013-04-29 18:00,311,309,2
2013-04-29 18:01,314,312,2
2013-04-29 18:02,317,315,2
2013-04-29 18:03,319,317,2
2013-04-29 18:04,322,320,2
2013-04-29 18:05,325,323,2
2013-04-29 18:06,328,326,2
2013-04-29 18:07,331,329,2
2013-04-29 18:08,334,332,2
2013-04-29 18:09,337,335,2
2013-04-29 18:10,339,338,1
2013-04-29 18:11,342,341,1
2013-04-29 18:12,345,344,1
2013-04-29 18:13,348,347,1
2013-04-29 18:14,351,350,1
2013-04-29 18:15,354,353,1
2013-04-29 18:16,357,356,1
2013-04-29 18:17,360,359,1
2013-04-29 18:18,363,362,1
2013-04-29 18:19,366,365,1
2013-04-29 18:20,369,368,1
2013-04-29 18:21,372,371,1
2013-04-29 18:22,375,374,1
2013-04-29 18:23,378,377,1
2013-04-29 18:24,381,380,1
2013-04-29 18:25,384,383,1
2013-04-29 18:26,387,386,1
2013-04-29 18:27,390,389,1
2013-04-29 18:28,393,392,1
2013-04-29 18:29,396,395,1
2013-04-29 18:30,399,398,1
2013-04-29 18:31,402,401,1
2013-04-29 18:32,405,404,1
2013-04-29 18:33,408,407,1
2013-04-29 18:34,411,410,1
2013-04-29 18:35,414,413,1
2013-04-29 18:36,416,416,0
2013-04-29 18:37,419,420,-1
2013-04-29 18:38,422,423,-1
2013-04-29 18:39,425,426,-1
2013-04-29 18:40,428,429,-1
2013-04-29 18:41,431,432,-1
2013-04-29 18:42,433,435,-2
2013-04-29 18:43,436,438,-2
2013-04-29 18:44,439,441,-2
2013-04-29 18:45,441,444,-3
2013-04-29 18:46,444,447,-3
2013-04-29 18:47,447,450,-3
2013-04-29 18:48,449,453,-4
2013-04-29 18:49,452,456,-4
2013-04-29 18:50,454,459,-5
2013-04-29 18:51,457,462,-5
2013-04-29 18:52,459,465,-6
2013-04-29 18:53,462,468,-6
2013-04-29 18:54,465,471,-6
2013-04-29 18:55,467,474,-7
2013-04-29 18:56,470,477,-7
2013-04-29 18:57,473,480,-7
2013-04-29 18:58,476,483,-7
2013-04-29 18:59,479,486,-7
2013-04-29 19:00,481,489,-8
2013-04-29 19:01,484,491,-7
2013-04-29 19:02,487,494,-7
2013-04-29 19:03,489,497,-8
2013-04-29 19:04,492,500,-8
2013-04-29 19:05,495,503,-8
2013-04-29 19:06,498,506,-8
2013-04-29 19:07,501,508,-7
2013-04-29 19:08,504,511,-7
2013-04-29 19:09,506,514,-8
2013-04-29 19:10,509,517,-8
2013-04-29 19:11,512,520,-8
2013-04-29 19:12,514,522,-8
2013-04-29 19:13,517,525,-8
2013-04-29 19:14,520,528,-8
2013-04-29 19:15,522,530,-8
2013-04-29 19:16,525,533,-8
2013-04-29 19:17,527,535,-8
2013-04-29 19:18,530,538,-8
2013-04-29 19:19,532,541,-9
2013-04-29 19:20,534,543,-9
2013-04-29 19:21,536,546,-10
2013-04-29 19:22,539,548,-9
2013-04-29 19:23,541,551,-10
2013-04-29 19:24,543,553,-10
2013-04-29 19:25,545,555,-10
2013-04-29 19:26,547,558,-11
2013-04-29 19:27,550,560,-10
2013-04-29 19:28,552,563,-11
2013-04-29 19:29,554,565,-11
2013-04-29 19:30,556,567,-11
2013-04-29 19:31,558,569,-11
2013-04-29 19:32,560,572,-12
2013-04-29 19:33,562,574,-12
2013-04-29 19:34,564,576,-12
2013-04-29 19:35,566,578,-12
2013-04-29 19:36,568,580,-12
2013-04-29 19:37,571,582,-11
2013-04-29 19:38,572,584,-12
2013-04-29 19:39,575,586,-11
2013-04-29 19:40,577,588,-11
2013-04-29 19:41,579,590,-11
2013-04-29 19:42,580,592,-12
2013-04-29 19:43,582,594,-12
2013-04-29 19:44,584,596,-12
2013-04-29 19:45,586,598,-12
2013-04-29 19:46,588,600,-12
2013-04-29 19:47,590,601,-11
2013-04-29 19:48,592,603,-11
2013-04-29 19:49,594,605,-11
2013-04-29 19:50,596,606,-10
2013-04-29 19:51,598,608,-10
2013-04-29 19:52,600,610,-10
2013-04-29 19:53,602,611,-9
2013-04-29 19:54,604,613,-9
2013-04-29 19:55,606,614,-8
2013-04-29 19:56,608,615,-7
2013-04-29 19:57,609,617,-8
2013-04-29 19:58,611,618,-7
2013-04-29 19:59,612,620,-8
2013-04-29 20:00,614,621,-7
2013-04-29 20:01,615,622,-7
2013-04-29 20:02,617,623,-6
2013-04-29 20:03,618,624,-6
2013-04-29 20:04,619,626,-7
2013-04-29 20:05,620,627,-7
2013-04-29 20:06,621,628,-7
2013-04-29 20:07,622,629,-7
2013-04-29 20:08,623,630,-7
2013-04-29 20:09,624,631,-7
2013-04-29 20:10,625,632,-7
2013-04-29 20:11,626,632,-6
2013-04-29 20:12,627,633,-6
2013-04-29 20:13,628,634,-6
2013-04-29 20:14,628,635,-7
2013-04-29 20:15,629,635,-6
2013-04-29 20:16,630,636,-6
2013-04-29 20:17,631,637,-6
2013-04-29 20:18,632,637,-5
2013-04-29 20:19,632,638,-6
2013-04-29 20:20,633,638,-5
2013-04-29 20:21,633,639,-6
2013-04-29 20:22,634,639,-5
2013-04-29 20:23,634,640,-6
2013-04-29 20:24,635,640,-5
2013-04-29 20:25,635,640,-5
2013-04-29 20:26,636,641,-5
2013-04-29 20:27,636,641,-5
2013-04-29 20:28,637,641,-4
2013-04-29 20:29,637,641,-4
2013-04-29 20:30,637,641,-4
2013-04-29 20:31,638,641,-3
2013-04-29 20:32,638,641,-3
2013-04-29 20:33,638,641,-3
2013-04-29 20:34,638,641,-3
2013-04-29 20:35,638,641,-3
2013-04-29 20:36,638,641,-3
2013-04-29 20:37,639,641,-2
2013-04-29 20:38,638,641,-3
2013-04-29 20:39,639,640,-1
2013-04-29 20:40,638,640,-2
2013-04-29 20:41,638,640,-2
2013-04-29 20:42,638,639,-1
2013-04-29 20:43,638,639,-1
2013-04-29 20:44,637,639,-2
2013-04-29 20:45,637,638,-1
2013-04-29 20:46,637,638,-1
2013-04-29 20:47,636,637,-1
2013-04-29 20:48,636,636,0
2013-04-29 20:49,635,636,-1
2013-04-29 20:50,634,635,-1
2013-04-29 20:51,634,635,-1
2013-04-29 20:52,633,634,-1
2013-04-29 20:53,632,633,-1
2013-04-29 20:54,631,632,-1
2013-04-29 20:55,630,631,-1
2013-04-29 20:56,629,631,-2
2013-04-29 20:57,628,630,-2
2013-04-29 20:58,627,629,-2
2013-04-29 20:59,626,628,-2
2013-04-29 21:00,625,627,-2
2013-04-29 21:01,624,626,-2
2013-04-29 21:02,622,625,-3
2013-04-29 21:03,621,624,-3
2013-04-29 21:04,620,623,-3
2013-04-29 21:05,619,621,-2
2013-04-29 21:06,618,620,-2
2013-04-29 21:07,617,619,-2
2013-04-29 21:08,615,618,-3
2013-04-29 21:09,614,617,-3
2013-04-29 21:10,613,615,-2
2013-04-29 21:11,612,614,-2
2013-04-29 21:12,610,613,-3
2013-04-29 21:13,609,611,-2
2013-04-29 21:14,607,610,-3
2013-04-29 21:15,606,608,-2
2013-04-29 21:16,605,607,-2
2013-04-29 21:17,603,605,-2
2013-04-29 21:18,602,604,-2
2013-04-29 21:19,600,602,-2
2013-04-29 21:20,599,601,-2
2013-04-29 21:21,597,599,-2
2013-04-29 21:22,596,598,-2
2013-04-29 21:23,594,596,-2
2013-04-29 21:24,593,594,-1
2013-04-29 21:25,591,593,-2
2013-04-29 21:26,589,591,-2
2013-04-29 21:27,587,589,-2
2013-04-29 21:28,586,588,-2
2013-04-29 21:29,584,586,-2
2013-04-29 21:30,583,584,-1
2013-04-29 21:31,582,582,0
2013-04-29 21:32,580,580,0
2013-04-29 21:33,579,579,0
2013-04-29 21:34,577,577,0
2013-04-29 21:35,576,575,1
2013-04-29 21:36,574,573,1
2013-04-29 21:37,572,571,1
2013-04-29 21:38,571,569,2
2013-04-29 21:39,569,567,2
2013-04-29 21:40,568,565,3
2013-04-29 21:41,566,563,3
2013-04-29 21:42,564,561,3
2013-04-29 21:43,563,559,4
2013-04-29 21:44,561,557,4
2013-04-29 21:45,560,555,5
2013-04-29 21:46,558,553,5
2013-04-29 21:47,556,551,5
2013-04-29 21:48,554,549,5
2013-04-29 21:49,552,547,5
2013-04-29 21:50,550,545,5
2013-04-29 21:51,549,543,6
2013-04-29 21:52,547,541,6
2013-04-29 21:53,545,539,6
2013-04-29 21:54,544,537,7
2013-04-29 21:55,542,535,7
2013-04-29 21:56,540,533,7
2013-04-29 21:57,538,531,7
2013-04-29 21:58,537,528,9
2013-04-29 21:59,534,526,8
2013-04-29 22:00,533,524,9
2013-04-29 22:01,530,522,8
2013-04-29 22:02,529,520,9
2013-04-29 22:03,527,518,9
2013-04-29 22:04,525,516,9
2013-04-29 22:05,523,513,10
2013-04-29 22:06,521,511,10
2013-04-29 22:07,519,509,10
2013-04-29 22:08,518,507,11
2013-04-29 22:09,515,505,10
2013-04-29 22:10,513,503,10
2013-04-29 22:11,511,501,10
2013-04-29 22:12,509,498,11
2013-04-29 22:13,508,496,12
2013-04-29 22:14,506,494,12
2013-04-29 22:15,504,492,12
2013-04-29 22:16,502,490,12
2013-04-29 22:17,500,488,12
2013-04-29 22:18,498,486,12
2013-04-29 22:19,496,483,13
2013-04-29 22:20,494,481,13
2013-04-29 22:21,492,479,13
2013-04-29 22:22,490,477,13
2013-04-29 22:23,488,475,13
2013-04-29 22:24,486,473,13
2013-04-29 22:25,484,471,13
2013-04-29 22:26,483,469,14
2013-04-29 22:27,480,466,14
2013-04-29 22:28,478,464,14
2013-04-29 22:29,476,462,14
2013-04-29 22:30,474,460,14
2013-04-29 22:31,472,458,14
2013-04-29 22:32,471,456,15
2013-04-29 22:33,469,454,15
2013-04-29 22:34,467,452,15
2013-04-29 22:35,465,450,15
2013-04-29 22:36,463,448,15
2013-04-29 22:37,461,446,15
2013-04-29 22:38,460,444,16
2013-04-29 22:39,458,442,16
2013-04-29 22:40,455,440,15
2013-04-29 22:41,454,438,16
2013-04-29 22:42,452,436,16
2013-04-29 22:43,450,434,16
2013-04-29 22:44,448,432,16
2013-04-29 22:45,446,430,16
2013-04-29 22:46,444,428,16
2013-04-29 22:47,442,426,16
2013-04-29 22:48,441,424,17
2013-04-29 22:49,438,422,16
2013-04-29 22:50,437,420,17
2013-04-29 22:51,435,418,17
2013-04-29 22:52,433,416,17
2013-04-29 22:53,431,415,16
2013-04-29 22:54,429,413,16
2013-04-29 22:55,428,411,17
2013-04-29 22:56,426,409,17
2013-04-29 22:57,424,407,17
2013-04-29 22:58,423,405,18
2013-04-29 22:59,421,404,17
2013-04-29 23:00,419,402,17
2013-04-29 23:01,417,400,17
2013-04-29 23:02,415,398,17
2013-04-29 23:03,414,396,18
2013-04-29 23:04,412,395,17
2013-04-29 23:05,410,393,17
2013-04-29 23:06,408,391,17
2013-04-29 23:07,407,390,17
2013-04-29 23:08,405,388,17
2013-04-29 23:09,403,386,17
2013-04-29 23:10,401,385,16
2013-04-29 23:11,400,383,17
2013-04-29 23:12,398,381,17
2013-04-29 23:13,396,380,16
2013-04-29 23:14,395,378,17
2013-04-29 23:15,393,376,17
2013-04-29 23:16,392,375,17
2013-04-29 23:17,390,373,17
2013-04-29 23:18,388,372,16
2013-04-29 23:19,387,370,17
2013-04-29 23:20,385,368,17
2013-04-29 23:21,383,367,16
2013-04-29 23:22,381,365,16
2013-04-29 23:23,380,364,16
2013-04-29 23:24,378,362,16
2013-04-29 23:25,376,361,15
2013-04-29 23:26,375,359,16
2013-04-29 23:27,373,358,15
2013-04-29 23:28,371,356,15
2013-04-29 23:29,370,355,15
2013-04-29 23:30,368,354,14
2013-04-29 23:31,366,352,14
2013-04-29 23:32,364,351,13
2013-04-29 23:33,363,349,14
2013-04-29 23:34,361,348,13
2013-04-29 23:35,359,346,13
2013-04-29 23:36,358,345,13
2013-04-29 23:37,356,344,12
2013-04-29 23:38,355,342,13
2013-04-29 23:39,353,341,12
2013-04-29 23:40,352,340,12
2013-04-29 23:41,350,338,12
2013-04-29 23:42,348,337,11
2013-04-29 23:43,347,336,11
2013-04-29 23:44,345,334,11
2013-04-29 23:45,344,333,11
2013-04-29 23:46,342,332,10
2013-04-29 23:47,340,330,10
2013-04-29 23:48,339,329,10
2013-04-29 23:49,337,328,9
2013-04-29 23:50,336,327,9
2013-04-29 23:51,334,325,9
2013-04-29 23:52,333,324,9
2013-04-29 23:53,331,323,8
2013-04-29 23:54,329,322,7
2013-04-29 23:55,328,320,8
2013-04-29 23:56,326,319,7
2013-04-29 23:57,325,318,7
2013-04-29 23:58,323,317,6
2013-04-29 23:59,322,316,6
2013-04-30 0:00,320,314,6
2013-04-30 0:01,319,313,6
2013-04-30 0:02,317,312,5
2013-04-30 0:03,316,311,5
2013-04-30 0:04,314,310,4
2013-04-30 0:05,313,309,4
2013-04-30 0:06,311,307,4
2013-04-30 0:07,310,306,4
2013-04-30 0:08,308,305,3
2013-04-30 0:09,307,304,3
2013-04-30 0:10,305,303,2
2013-04-30 0:11,304,302,2
2013-04-30 0:12,302,300,2
2013-04-30 0:13,301,299,2
2013-04-30 0:14,300,298,2
2013-04-30 0:15,298,297,1
2013-04-30 0:16,297,296,1
2013-04-30 0:17,295,295,0
2013-04-30 0:18,294,294,0
2013-04-30 0:19,292,292,0
2013-04-30 0:20,291,291,0
2013-04-30 0:21,289,290,-1
2013-04-30 0:22,288,289,-1
2013-04-30 0:23,286,288,-2
2013-04-30 0:24,285,287,-2
2013-04-30 0:25,283,286,-3
2013-04-30 0:26,282,285,-3
2013-04-30 0:27,281,283,-2
2013-04-30 0:28,280,282,-2
2013-04-30 0:29,278,281,-3
2013-04-30 0:30,277,280,-3
2013-04-30 0:31,275,279,-4
2013-04-30 0:32,275,278,-3
2013-04-30 0:33,273,277,-4
2013-04-30 0:34,271,275,-4
2013-04-30 0:35,270,274,-4
2013-04-30 0:36,269,273,-4
2013-04-30 0:37,267,272,-5
2013-04-30 0:38,266,271,-5
2013-04-30 0:39,265,270,-5
2013-04-30 0:40,263,269,-6
2013-04-30 0:41,262,267,-5
2013-04-30 0:42,261,266,-5
2013-04-30 0:43,260,265,-5
2013-04-30 0:44,258,264,-6
2013-04-30 0:45,257,263,-6
2013-04-30 0:46,256,262,-6
2013-04-30 0:47,254,261,-7
2013-04-30 0:48,253,259,-6
2013-04-30 0:49,252,258,-6
2013-04-30 0:50,250,257,-7
2013-04-30 0:51,249,256,-7
2013-04-30 0:52,248,255,-7
2013-04-30 0:53,247,254,-7
2013-04-30 0:54,245,252,-7
2013-04-30 0:55,244,251,-7
2013-04-30 0:56,243,250,-7
2013-04-30 0:57,242,249,-7
2013-04-30 0:58,241,248,-7
2013-04-30 0:59,240,247,-7
2013-04-30 1:00,238,245,-7
2013-04-30 1:01,237,244,-7
2013-04-30 1:02,235,243,-8
2013-04-30 1:03,234,242,-8
2013-04-30 1:04,233,241,-8
2013-04-30 1:05,232,239,-7
2013-04-30 1:06,231,238,-7
2013-04-30 1:07,229,237,-8
2013-04-30 1:08,229,236,-7
2013-04-30 1:09,227,234,-7
2013-04-30 1:10,226,233,-7
2013-04-30 1:11,225,232,-7
2013-04-30 1:12,224,231,-7
2013-04-30 1:13,223,229,-6
2013-04-30 1:14,221,228,-7
2013-04-30 1:15,221,227,-6
2013-04-30 1:16,219,226,-7
2013-04-30 1:17,218,224,-6
2013-04-30 1:18,217,223,-6
2013-04-30 1:19,216,222,-6
2013-04-30 1:20,215,221,-6
2013-04-30 1:21,214,219,-5
2013-04-30 1:22,212,218,-6
2013-04-30 1:23,211,217,-6
2013-04-30 1:24,210,216,-6
2013-04-30 1:25,209,214,-5
2013-04-30 1:26,208,213,-5
2013-04-30 1:27,207,212,-5
2013-04-30 1:28,206,211,-5
2013-04-30 1:29,204,209,-5
2013-04-30 1:30,203,208,-5
2013-04-30 1:31,202,207,-5
2013-04-30 1:32,201,205,-4
2013-04-30 1:33,200,204,-4
2013-04-30 1:34,199,203,-4
2013-04-30 1:35,197,201,-4
2013-04-30 1:36,196,200,-4
2013-04-30 1:37,195,199,-4
2013-04-30 1:38,194,198,-4
2013-04-30 1:39,193,196,-3
2013-04-30 1:40,192,195,-3
2013-04-30 1:41,191,194,-3
2013-04-30 1:42,190,192,-2
2013-04-30 1:43,189,191,-2
2013-04-30 1:44,188,190,-2
2013-04-30 1:45,187,188,-1
2013-04-30 1:46,186,187,-1
2013-04-30 1:47,185,186,-1
2013-04-30 1:48,184,184,0
2013-04-30 1:49,183,183,0
2013-04-30 1:50,181,182,-1
2013-04-30 1:51,180,180,0
2013-04-30 1:52,179,179,0
2013-04-30 1:53,178,178,0
2013-04-30 1:54,177,177,0
2013-04-30 1:55,176,175,1
2013-04-30 1:56,175,174,1
2013-04-30 1:57,174,173,1
2013-04-30 1:58,173,171,2
2013-04-30 1:59,172,170,2
2013-04-30 2:00,171,169,2
2013-04-30 2:01,170,167,3
2013-04-30 2:02,169,166,3
2013-04-30 2:03,168,165,3
2013-04-30 2:04,167,164,3
2013-04-30 2:05,166,162,4
2013-04-30 2:06,165,161,4
2013-04-30 2:07,164,160,4
2013-04-30 2:08,163,158,5
2013-04-30 2:09,162,157,5
2013-04-30 2:10,161,156,5
2013-04-30 2:11,159,155,4
2013-04-30 2:12,158,153,5
2013-04-30 2:13,157,152,5
2013-04-30 2:14,156,151,5
2013-04-30 2:15,155,149,6
2013-04-30 2:16,154,148,6
2013-04-30 2:17,153,147,6
2013-04-30 2:18,152,146,6
2013-04-30 2:19,151,144,7
2013-04-30 2:20,150,143,7
2013-04-30 2:21,150,142,8
2013-04-30 2:22,148,141,7
2013-04-30 2:23,147,140,7
2013-04-30 2:24,147,138,9
2013-04-30 2:25,146,137,9
2013-04-30 2:26,145,136,9
2013-04-30 2:27,143,135,8
2013-04-30 2:28,143,134,9
2013-04-30 2:29,141,132,9
2013-04-30 2:30,140,131,9
2013-04-30 2:31,140,130,10
2013-04-30 2:32,139,129,10
2013-04-30 2:33,138,128,10
2013-04-30 2:34,137,127,10
2013-04-30 2:35,136,126,10
2013-04-30 2:36,135,124,11
2013-04-30 2:37,134,123,11
2013-04-30 2:38,133,122,11
2013-04-30 2:39,132,121,11
2013-04-30 2:40,132,120,12
2013-04-30 2:41,130,119,11
2013-04-30 2:42,130,118,12
2013-04-30 2:43,129,117,12
2013-04-30 2:44,128,116,12
2013-04-30 2:45,127,115,12
2013-04-30 2:46,126,114,12
2013-04-30 2:47,126,113,13
2013-04-30 2:48,125,112,13
2013-04-30 2:49,124,111,13
2013-04-30 2:50,123,110,13
2013-04-30 2:51,122,109,13
2013-04-30 2:52,121,108,13
2013-04-30 2:53,120,107,13
2013-04-30 2:54,119,106,13
2013-04-30 2:55,118,105,13
2013-04-30 2:56,117,104,13
2013-04-30 2:57,116,103,13
2013-04-30 2:58,116,102,14
2013-04-30 2:59,115,102,13
2013-04-30 3:00,114,101,13
2013-04-30 3:01,113,100,13
2013-04-30 3:02,112,99,13
2013-04-30 3:03,112,98,14
2013-04-30 3:04,111,97,14
2013-04-30 3:05,110,97,13
2013-04-30 3:06,109,96,13
2013-04-30 3:07,108,95,13
2013-04-30 3:08,108,94,14
2013-04-30 3:09,107,94,13
2013-04-30 3:10,106,93,13
2013-04-30 3:11,104,92,12
2013-04-30 3:12,103,91,12
2013-04-30 3:13,103,91,12
2013-04-30 3:14,102,90,12
2013-04-30 3:15,101,89,12
2013-04-30 3:16,100,89,11
2013-04-30 3:17,99,88,11
2013-04-30 3:18,98,88,10
2013-04-30 3:19,97,87,10
2013-04-30 3:20,97,86,11
2013-04-30 3:21,96,86,10
2013-04-30 3:22,95,85,10
2013-04-30 3:23,94,85,9
2013-04-30 3:24,94,84,10
2013-04-30 3:25,93,84,9
2013-04-30 3:26,92,83,9
2013-04-30 3:27,91,83,8
2013-04-30 3:28,90,82,8
2013-04-30 3:29,89,82,7
2013-04-30 3:30,89,81,8
2013-04-30 3:31,88,81,7
2013-04-30 3:32,87,81,6
2013-04-30 3:33,86,80,6
2013-04-30 3:34,85,80,5
2013-04-30 3:35,84,80,4
2013-04-30 3:36,84,79,5
2013-04-30 3:37,83,79,4
2013-04-30 3:38,82,79,3
2013-04-30 3:39,81,79,2
2013-04-30 3:40,80,78,2
2013-04-30 3:41,79,78,1
2013-04-30 3:42,79,78,1
2013-04-30 3:43,78,78,0
2013-04-30 3:44,77,78,-1
2013-04-30 3:45,77,77,0
2013-04-30 3:46,76,77,-1
2013-04-30 3:47,76,77,-1
2013-04-30 3:48,75,77,-2
2013-04-30 3:49,74,77,-3
2013-04-30 3:50,74,77,-3
2013-04-30 3:51,73,77,-4
2013-04-30 3:52,73,77,-4
2013-04-30 3:53,72,77,-5
2013-04-30 3:54,72,77,-5
2013-04-30 3:55,71,77,-6
2013-04-30 3:56,70,77,-7
2013-04-30 3:57,70,77,-7
2013-04-30 3:58,69,77,-8
2013-04-30 3:59,69,77,-8
2013-04-30 4:00,69,78,-9
2013-04-30 4:01,68,78,-10
2013-04-30 4:02,68,78,-10
2013-04-30 4:03,68,78,-10
2013-04-30 4:04,68,78,-10
2013-04-30 4:05,68,79,-11
2013-04-30 4:06,68,79,-11
2013-04-30 4:07,68,79,-11
2013-04-30 4:08,68,79,-11
2013-04-30 4:09,68,80,-12
2013-04-30 4:10,69,80,-11
2013-04-30 4:11,69,80,-11
2013-04-30 4:12,70,81,-11
2013-04-30 4:13,71,81,-10
2013-04-30 4:14,72,82,-10
2013-04-30 4:15,73,82,-9
2013-04-30 4:16,75,83,-8
2013-04-30 4:17,77,83,-6
2013-04-30 4:18,79,84,-5
2013-04-30 4:19,82,84,-2
2013-04-30 4:20,84,85,-1
2013-04-30 4:21,87,85,2
2013-04-30 4:22,89,86,3
2013-04-30 4:23,92,86,6
2013-04-30 4:24,94,87,7
2013-04-30 4:25,96,88,8
2013-04-30 4:26,99,88,11
2013-04-30 4:27,101,89,12
2013-04-30 4:28,103,90,13
2013-04-30 4:29,105,91,14
2013-04-30 4:30,107,91,16
2013-04-30 4:31,109,92,17
2013-04-30 4:32,110,93,17
2013-04-30 4:33,112,94,18
2013-04-30 4:34,114,95,19
2013-04-30 4:35,116,96,20
2013-04-30 4:36,118,97,21
2013-04-30 4:37,120,98,22
2013-04-30 4:38,121,98,23
2013-04-30 4:39,123,99,24
2013-04-30 4:40,125,100,25
2013-04-30 4:41,127,101,26
2013-04-30 4:42,129,103,26
2013-04-30 4:43,131,104,27
2013-04-30 4:44,133,105,28
2013-04-30 4:45,135,106,29
2013-04-30 4:46,137,107,30
2013-04-30 4:47,139,108,31
2013-04-30 4:48,141,109,32
2013-04-30 4:49,143,110,33
2013-04-30 4:50,144,112,32
2013-04-30 4:51,145,113,32
2013-04-30 4:52,146,114,32
2013-04-30 4:53,148,116,32
2013-04-30 4:54,149,117,32
2013-04-30 4:55,151,118,33
2013-04-30 4:56,152,120,32
2013-04-30 4:57,153,121,32
2013-04-30 4:58,155,122,33
2013-04-30 4:59,156,124,32
2013-04-30 5:00,157,125,32
2013-04-30 5:01,158,127,31
2013-04-30 5:02,160,128,32
2013-04-30 5:03,161,130,31
2013-04-30 5:04,163,131,32
2013-04-30 5:05,164,133,31
2013-04-30 5:06,166,135,31
2013-04-30 5:07,167,136,31
2013-04-30 5:08,168,138,30
2013-04-30 5:09,169,140,29
2013-04-30 5:10,170,141,29
2013-04-30 5:11,172,143,29
2013-04-30 5:12,173,145,28
2013-04-30 5:13,174,147,27
2013-04-30 5:14,175,148,27
2013-04-30 5:15,177,150,27
2013-04-30 5:16,178,152,26
2013-04-30 5:17,179,154,25
2013-04-30 5:18,181,156,25
2013-04-30 5:19,182,158,24
2013-04-30 5:20,184,160,24
2013-04-30 5:21,185,162,23
2013-04-30 5:22,186,164,22
2013-04-30 5:23,188,166,22
2013-04-30 5:24,190,168,22
2013-04-30 5:25,191,170,21
2013-04-30 5:26,192,172,20
2013-04-30 5:27,194,174,20
2013-04-30 5:28,195,176,19
2013-04-30 5:29,197,178,19
2013-04-30 5:30,199,180,19
2013-04-30 5:31,200,183,17
2013-04-30 5:32,202,185,17
2013-04-30 5:33,204,187,17
2013-04-30 5:34,206,189,17
2013-04-30 5:35,208,192,16
2013-04-30 5:36,209,194,15
2013-04-30 5:37,211,196,15
2013-04-30 5:38,213,199,14
2013-04-30 5:39,215,201,14
2013-04-30 5:40,217,204,13
2013-04-30 5:41,219,206,13
2013-04-30 5:42,221,208,13
2013-04-30 5:43,223,211,12
2013-04-30 5:44,225,213,12
2013-04-30 5:45,227,216,11
2013-04-30 5:46,229,219,10
2013-04-30 5:47,231,221,10
2013-04-30 5:48,233,224,9
2013-04-30 5:49,235,226,9
2013-04-30 5:50,237,229,8
2013-04-30 5:51,239,232,7
2013-04-30 5:52,242,234,8
2013-04-30 5:53,244,237,7
2013-04-30 5:54,246,240,6
2013-04-30 5:55,248,242,6
2013-04-30 5:56,250,245,5
2013-04-30 5:57,253,248,5
2013-04-30 5:58,255,251,4
2013-04-30 5:59,258,254,4
2013-04-30 6:00,260,256,4
2013-04-30 6:01,263,259,4
2013-04-30 6:02,266,262,4
2013-04-30 6:03,268,265,3
2013-04-30 6:04,271,268,3
2013-04-30 6:05,274,271,3
2013-04-30 6:06,277,274,3
2013-04-30 6:07,279,277,2
2013-04-30 6:08,282,280,2
2013-04-30 6:09,285,283,2
2013-04-30 6:10,288,286,2
2013-04-30 6:11,291,289,2
2013-04-30 6:12,294,292,2
2013-04-30 6:13,297,295,2
2013-04-30 6:14,300,298,2
2013-04-30 6:15,303,301,2
2013-04-30 6:16,306,304,2
2013-04-30 6:17,309,307,2
2013-04-30 6:18,312,310,2
2013-04-30 6:19,315,314,1
2013-04-30 6:20,318,317,1
2013-04-30 6:21,322,320,2
2013-04-30 6:22,325,323,2
2013-04-30 6:23,328,326,2
2013-04-30 6:24,332,330,2
2013-04-30 6:25,335,333,2
2013-04-30 6:26,338,336,2
2013-04-30 6:27,342,339,3
2013-04-30 6:28,345,343,2
2013-04-30 6:29,349,346,3
2013-04-30 6:30,352,349,3
2013-04-30 6:31,356,352,4
2013-04-30 6:32,359,356,3
2013-04-30 6:33,362,359,3
2013-04-30 6:34,366,362,4
2013-04-30 6:35,369,366,3
2013-04-30 6:36,373,369,4
2013-04-30 6:37,375,372,3
2013-04-30 6:38,379,376,3
2013-04-30 6:39,382,379,3
2013-04-30 6:40,385,383,2
2013-04-30 6:41,388,386,2
2013-04-30 6:42,391,389,2
2013-04-30 6:43,394,393,1
2013-04-30 6:44,397,396,1
2013-04-30 6:45,400,400,0
2013-04-30 6:46,403,403,0
2013-04-30 6:47,407,406,1
2013-04-30 6:48,410,410,0
2013-04-30 6:49,413,413,0
2013-04-30 6:50,416,417,-1
2013-04-30 6:51,419,420,-1
2013-04-30 6:52,423,424,-1
2013-04-30 6:53,426,427,-1
2013-04-30 6:54,429,430,-1
2013-04-30 6:55,432,434,-2
2013-04-30 6:56,436,437,-1
2013-04-30 6:57,438,441,-3
2013-04-30 6:58,442,444,-2
2013-04-30 6:59,445,448,-3
2013-04-30 7:00,448,451,-3
2013-04-30 7:01,451,454,-3
2013-04-30 7:02,455,458,-3
2013-04-30 7:03,458,461,-3
2013-04-30 7:04,461,465,-4
2013-04-30 7:05,465,468,-3
2013-04-30 7:06,468,471,-3
2013-04-30 7:07,471,475,-4
2013-04-30 7:08,474,478,-4
2013-04-30 7:09,477,482,-5
2013-04-30 7:10,481,485,-4
2013-04-30 7:11,484,488,-4
2013-04-30 7:12,487,492,-5
2013-04-30 7:13,490,495,-5
2013-04-30 7:14,493,498,-5
2013-04-30 7:15,496,502,-6
2013-04-30 7:16,500,505,-5
2013-04-30 7:17,503,508,-5
2013-04-30 7:18,506,512,-6
2013-04-30 7:19,509,515,-6
2013-04-30 7:20,512,518,-6
2013-04-30 7:21,515,521,-6
2013-04-30 7:22,518,525,-7
2013-04-30 7:23,522,528,-6
2013-04-30 7:24,525,531,-6
2013-04-30 7:25,528,534,-6
2013-04-30 7:26,531,537,-6
2013-04-30 7:27,534,541,-7
2013-04-30 7:28,538,544,-6
2013-04-30 7:29,541,547,-6
2013-04-30 7:30,544,550,-6
2013-04-30 7:31,547,553,-6
2013-04-30 7:32,550,556,-6
2013-04-30 7:33,553,559,-6
2013-04-30 7:34,557,562,-5
2013-04-30 7:35,559,565,-6
2013-04-30 7:36,562,568,-6
2013-04-30 7:37,565,571,-6
2013-04-30 7:38,568,574,-6
2013-04-30 7:39,571,577,-6
2013-04-30 7:40,574,580,-6
2013-04-30 7:41,577,583,-6
2013-04-30 7:42,579,586,-7
2013-04-30 7:43,582,589,-7
2013-04-30 7:44,584,591,-7
2013-04-30 7:45,587,594,-7
2013-04-30 7:46,590,597,-7
2013-04-30 7:47,593,600,-7
2013-04-30 7:48,596,602,-6
2013-04-30 7:49,598,605,-7
2013-04-30 7:50,601,608,-7
2013-04-30 7:51,604,610,-6
2013-04-30 7:52,-,613,-
2013-04-30 7:53,-,616,-
2013-04-30 7:54,-,618,-
2013-04-30 7:55,-,621,-
2013-04-30 7:56,614,623,-9
2013-04-30 7:57,617,626,-9
2013-04-30 7:58,620,628,-8
2013-04-30 7:59,622,630,-8
2013-04-30 8:00,625,633,-8
2013-04-30 8:01,627,635,-8
2013-04-30 8:02,630,637,-7
2013-04-30 8:03,633,640,-7
2013-04-30 8:04,635,642,-7
2013-04-30 8:05,638,644,-6
2013-04-30 8:06,640,646,-6
2013-04-30 8:07,642,648,-6
2013-04-30 8:08,645,650,-5
2013-04-30 8:09,647,652,-5
2013-04-30 8:10,650,655,-5
2013-04-30 8:11,652,656,-4
2013-04-30 8:12,654,658,-4
2013-04-30 8:13,656,660,-4
2013-04-30 8:14,658,662,-4
2013-04-30 8:15,659,664,-5
2013-04-30 8:16,661,666,-5
2013-04-30 8:17,663,668,-5
2013-04-30 8:18,665,669,-4
2013-04-30 8:19,667,671,-4
2013-04-30 8:20,668,673,-5
2013-04-30 8:21,670,674,-4
2013-04-30 8:22,672,676,-4
2013-04-30 8:23,674,678,-4
2013-04-30 8:24,675,679,-4
2013-04-30 8:25,677,680,-3
2013-04-30 8:26,678,682,-4
2013-04-30 8:27,680,683,-3
2013-04-30 8:28,681,685,-4
2013-04-30 8:29,683,686,-3
2013-04-30 8:30,685,687,-2
2013-04-30 8:31,686,688,-2
2013-04-30 8:32,687,690,-3
2013-04-30 8:33,688,691,-3
2013-04-30 8:34,690,692,-2
2013-04-30 8:35,691,693,-2
2013-04-30 8:36,692,694,-2
2013-04-30 8:37,693,695,-2
2013-04-30 8:38,694,696,-2
2013-04-30 8:39,695,697,-2
2013-04-30 8:40,697,698,-1
2013-04-30 8:41,698,699,-1
2013-04-30 8:42,699,699,0
2013-04-30 8:43,700,700,0
2013-04-30 8:44,700,701,-1
2013-04-30 8:45,701,702,-1
2013-04-30 8:46,702,702,0
2013-04-30 8:47,702,703,-1
2013-04-30 8:48,703,703,0
2013-04-30 8:49,704,704,0
2013-04-30 8:50,704,704,0
2013-04-30 8:51,705,705,0
2013-04-30 8:52,706,705,1
2013-04-30 8:53,707,705,2
2013-04-30 8:54,707,706,1
2013-04-30 8:55,708,706,2
2013-04-30 8:56,708,706,2
2013-04-30 8:57,709,706,3
2013-04-30 8:58,709,707,2
2013-04-30 8:59,709,707,2
2013-04-30 9:00,709,707,2
2013-04-30 9:01,709,707,2
2013-04-30 9:02,709,707,2
2013-04-30 9:03,709,707,2
2013-04-30 9:04,709,707,2
2013-04-30 9:05,709,707,2
2013-04-30 9:06,709,706,3
2013-04-30 9:07,709,706,3
2013-04-30 9:08,709,706,3
2013-04-30 9:09,709,706,3
2013-04-30 9:10,709,705,4
2013-04-30 9:11,709,705,4
2013-04-30 9:12,709,705,4
2013-04-30 9:13,709,704,5
2013-04-30 9:14,709,704,5
2013-04-30 9:15,708,703,5
2013-04-30 9:16,708,703,5
2013-04-30 9:17,707,702,5
2013-04-30 9:18,707,702,5
2013-04-30 9:19,706,701,5
2013-04-30 9:20,705,700,5
2013-04-30 9:21,705,700,5
2013-04-30 9:22,704,699,5
2013-04-30 9:23,703,698,5
2013-04-30 9:24,703,697,6
2013-04-30 9:25,702,696,6
2013-04-30 9:26,701,696,5
2013-04-30 9:27,701,695,6
2013-04-30 9:28,700,694,6
2013-04-30 9:29,698,693,5
2013-04-30 9:30,697,692,5
2013-04-30 9:31,697,691,6
2013-04-30 9:32,696,690,6
2013-04-30 9:33,695,689,6
2013-04-30 9:34,693,687,6
2013-04-30 9:35,692,686,6
2013-04-30 9:36,691,685,6
2013-04-30 9:37,690,684,6
2013-04-30 9:38,688,683,5
2013-04-30 9:39,687,681,6
2013-04-30 9:40,686,680,6
2013-04-30 9:41,684,679,5
2013-04-30 9:42,683,677,6
2013-04-30 9:43,682,676,6
2013-04-30 9:44,680,675,5
2013-04-30 9:45,679,673,6
2013-04-30 9:46,678,672,6
2013-04-30 9:47,677,670,7
2013-04-30 9:48,676,669,7
2013-04-30 9:49,674,667,7
2013-04-30 9:50,673,666,7
2013-04-30 9:51,671,664,7
2013-04-30 9:52,670,663,7
2013-04-30 9:53,668,661,7
2013-04-30 9:54,667,660,7
2013-04-30 9:55,665,658,7
2013-04-30 9:56,664,656,8
2013-04-30 9:57,662,655,7
2013-04-30 9:58,660,653,7
2013-04-30 9:59,659,651,8
2013-04-30 10:00,657,649,8
2013-04-30 10:01,656,648,8
2013-04-30 10:02,654,646,8
2013-04-30 10:03,653,644,9
2013-04-30 10:04,651,642,9
2013-04-30 10:05,649,640,9
2013-04-30 10:06,648,639,9
2013-04-30 10:07,646,637,9
2013-04-30 10:08,645,635,10
2013-04-30 10:09,643,633,10
2013-04-30 10:10,641,631,10
2013-04-30 10:11,640,629,11
2013-04-30 10:12,638,627,11
2013-04-30 10:13,636,625,11
2013-04-30 10:14,635,623,12
2013-04-30 10:15,633,621,12
2013-04-30 10:16,631,620,11
2013-04-30 10:17,630,618,12
2013-04-30 10:18,628,616,12
2013-04-30 10:19,626,614,12
2013-04-30 10:20,625,612,13
2013-04-30 10:21,623,610,13
2013-04-30 10:22,622,608,14
2013-04-30 10:23,620,606,14
2013-04-30 10:24,618,603,15
2013-04-30 10:25,616,601,15
2013-04-30 10:26,614,599,15
2013-04-30 10:27,613,597,16
2013-04-30 10:28,611,595,16
2013-04-30 10:29,609,593,16
2013-04-30 10:30,607,591,16
2013-04-30 10:31,605,589,16
2013-04-30 10:32,604,587,17
2013-04-30 10:33,601,585,16
2013-04-30 10:34,600,583,17
2013-04-30 10:35,598,581,17
2013-04-30 10:36,596,579,17
2013-04-30 10:37,594,577,17
2013-04-30 10:38,592,574,18
2013-04-30 10:39,590,572,18
2013-04-30 10:40,588,570,18
2013-04-30 10:41,586,568,18
2013-04-30 10:42,584,566,18
2013-04-30 10:43,582,564,18
2013-04-30 10:44,580,562,18
2013-04-30 10:45,579,560,19
2013-04-30 10:46,576,558,18
2013-04-30 10:47,574,556,18
2013-04-30 10:48,572,554,18
2013-04-30 10:49,570,551,19
2013-04-30 10:50,568,549,19
2013-04-30 10:51,566,547,19
2013-04-30 10:52,564,545,19
2013-04-30 10:53,562,543,19
2013-04-30 10:54,560,541,19
2013-04-30 10:55,558,539,19
2013-04-30 10:56,556,537,19
2013-04-30 10:57,554,535,19
2013-04-30 10:58,552,533,19
2013-04-30 10:59,550,531,19
2013-04-30 11:00,548,529,19
2013-04-30 11:01,546,527,19
2013-04-30 11:02,545,525,20
2013-04-30 11:03,543,523,20
2013-04-30 11:04,541,521,20
2013-04-30 11:05,539,519,20
2013-04-30 11:06,538,517,21
2013-04-30 11:07,536,515,21
2013-04-30 11:08,533,513,20
2013-04-30 11:09,532,511,21
2013-04-30 11:10,530,509,21
2013-04-30 11:11,528,507,21
2013-04-30 11:12,526,505,21
2013-04-30 11:13,525,503,22
2013-04-30 11:14,523,501,22
2013-04-30 11:15,521,499,22
2013-04-30 11:16,520,497,23
2013-04-30 11:17,518,495,23
2013-04-30 11:18,516,493,23
2013-04-30 11:19,514,491,23
2013-04-30 11:20,512,489,23
2013-04-30 11:21,511,487,24
2013-04-30 11:22,509,486,23
2013-04-30 11:23,507,484,23
2013-04-30 11:24,505,482,23
2013-04-30 11:25,504,480,24
2013-04-30 11:26,502,478,24
2013-04-30 11:27,500,476,24
2013-04-30 11:28,498,474,24
2013-04-30 11:29,497,473,24
2013-04-30 11:30,495,471,24
2013-04-30 11:31,493,469,24
2013-04-30 11:32,491,467,24
2013-04-30 11:33,489,465,24
2013-04-30 11:34,487,464,23
2013-04-30 11:35,485,462,23
2013-04-30 11:36,484,460,24
2013-04-30 11:37,482,458,24
2013-04-30 11:38,480,457,23
2013-04-30 11:39,478,455,23
2013-04-30 11:40,476,453,23
2013-04-30 11:41,475,452,23
2013-04-30 11:42,473,450,23
2013-04-30 11:43,471,448,23
2013-04-30 11:44,470,446,24
2013-04-30 11:45,468,445,23
2013-04-30 11:46,466,443,23
2013-04-30 11:47,464,441,23
2013-04-30 11:48,462,440,22
2013-04-30 11:49,461,438,23
2013-04-30 11:50,459,437,22
2013-04-30 11:51,457,435,22
2013-04-30 11:52,454,433,21
2013-04-30 11:53,453,432,21
2013-04-30 11:54,451,430,21
2013-04-30 11:55,449,429,20
2013-04-30 11:56,447,427,20
2013-04-30 11:57,445,425,20
2013-04-30 11:58,444,424,20
2013-04-30 11:59,442,422,20
2013-04-30 12:00,440,421,19
2013-04-30 12:01,438,419,19
2013-04-30 12:02,436,418,18
2013-04-30 12:03,435,416,19
2013-04-30 12:04,433,415,18
2013-04-30 12:05,431,413,18
2013-04-30 12:06,429,412,17
2013-04-30 12:07,427,410,17
2013-04-30 12:08,425,409,16
2013-04-30 12:09,423,407,16
2013-04-30 12:10,422,406,16
2013-04-30 12:11,420,404,16
2013-04-30 12:12,418,403,15
2013-04-30 12:13,417,401,16
2013-04-30 12:14,415,400,15
2013-04-30 12:15,413,398,15
2013-04-30 12:16,412,397,15
2013-04-30 12:17,410,396,14
2013-04-30 12:18,408,394,14
2013-04-30 12:19,406,393,13
2013-04-30 12:20,404,391,13
2013-04-30 12:21,402,390,12
2013-04-30 12:22,401,389,12
2013-04-30 12:23,399,387,12
2013-04-30 12:24,397,386,11
2013-04-30 12:25,396,384,12
2013-04-30 12:26,394,383,11
2013-04-30 12:27,392,382,10
2013-04-30 12:28,391,380,11
2013-04-30 12:29,389,379,10
2013-04-30 12:30,387,377,10
2013-04-30 12:31,385,376,9
2013-04-30 12:32,384,375,9
2013-04-30 12:33,382,373,9
2013-04-30 12:34,380,372,8
2013-04-30 12:35,378,371,7
2013-04-30 12:36,377,369,8
2013-04-30 12:37,375,368,7
2013-04-30 12:38,373,367,6
2013-04-30 12:39,372,365,7
2013-04-30 12:40,370,364,6
2013-04-30 12:41,368,363,5
2013-04-30 12:42,367,361,6
2013-04-30 12:43,365,360,5
2013-04-30 12:44,363,359,4
2013-04-30 12:45,361,357,4
2013-04-30 12:46,360,356,4
2013-04-30 12:47,359,355,4
2013-04-30 12:48,357,353,4
2013-04-30 12:49,355,352,3
2013-04-30 12:50,354,351,3
2013-04-30 12:51,352,349,3
2013-04-30 12:52,351,348,3
2013-04-30 12:53,349,347,2
2013-04-30 12:54,347,345,2
2013-04-30 12:55,346,344,2
2013-04-30 12:56,344,343,1
2013-04-30 12:57,343,341,2
2013-04-30 12:58,341,340,1
2013-04-30 12:59,339,339,0
2013-04-30 13:00,338,337,1
2013-04-30 13:01,337,336,1
2013-04-30 13:02,335,335,0
2013-04-30 13:03,334,333,1
2013-04-30 13:04,332,332,0
2013-04-30 13:05,331,331,0
2013-04-30 13:06,329,329,0
2013-04-30 13:07,328,328,0
2013-04-30 13:08,326,327,-1
2013-04-30 13:09,325,325,0
2013-04-30 13:10,323,324,-1
2013-04-30 13:11,321,323,-2
2013-04-30 13:12,320,321,-1
2013-04-30 13:13,318,320,-2
2013-04-30 13:14,317,319,-2
2013-04-30 13:15,316,317,-1
2013-04-30 13:16,314,316,-2
2013-04-30 13:17,313,315,-2
2013-04-30 13:18,311,313,-2
2013-04-30 13:19,310,312,-2
2013-04-30 13:20,309,311,-2
2013-04-30 13:21,307,309,-2
2013-04-30 13:22,306,308,-2
2013-04-30 13:23,304,307,-3
2013-04-30 13:24,303,305,-2
2013-04-30 13:25,301,304,-3
2013-04-30 13:26,300,303,-3
2013-04-30 13:27,299,301,-2
2013-04-30 13:28,298,300,-2
2013-04-30 13:29,296,298,-2
2013-04-30 13:30,295,297,-2
2013-04-30 13:31,294,296,-2
2013-04-30 13:32,292,294,-2
2013-04-30 13:33,291,293,-2
2013-04-30 13:34,289,292,-3
2013-04-30 13:35,288,290,-2
2013-04-30 13:36,286,289,-3
2013-04-30 13:37,285,287,-2
2013-04-30 13:38,284,286,-2
2013-04-30 13:39,283,285,-2
2013-04-30 13:40,281,283,-2
2013-04-30 13:41,280,282,-2
2013-04-30 13:42,279,280,-1
2013-04-30 13:43,277,279,-2
2013-04-30 13:44,276,278,-2
2013-04-30 13:45,275,276,-1
2013-04-30 13:46,273,275,-2
2013-04-30 13:47,272,274,-2
2013-04-30 13:48,271,272,-1
2013-04-30 13:49,270,271,-1
2013-04-30 13:50,269,269,0
2013-04-30 13:51,267,268,-1
2013-04-30 13:52,266,267,-1
2013-04-30 13:53,265,265,0
2013-04-30 13:54,264,264,0
2013-04-30 13:55,262,262,0
2013-04-30 13:56,261,261,0
2013-04-30 13:57,260,260,0
2013-04-30 13:58,259,258,1
2013-04-30 13:59,258,257,1
2013-04-30 14:00,257,255,2
2013-04-30 14:01,256,254,2
2013-04-30 14:02,254,252,2
2013-04-30 14:03,253,251,2
2013-04-30 14:04,252,250,2
2013-04-30 14:05,250,248,2
2013-04-30 14:06,249,247,2
2013-04-30 14:07,248,245,3
2013-04-30 14:08,246,244,2
2013-04-30 14:09,246,243,3
2013-04-30 14:10,244,241,3
2013-04-30 14:11,243,240,3
2013-04-30 14:12,242,238,4
2013-04-30 14:13,241,237,4
2013-04-30 14:14,240,236,4
2013-04-30 14:15,238,234,4
2013-04-30 14:16,237,233,4
2013-04-30 14:17,235,231,4
2013-04-30 14:18,235,230,5
2013-04-30 14:19,233,229,4
2013-04-30 14:20,232,227,5
2013-04-30 14:21,231,226,5
2013-04-30 14:22,230,225,5
2013-04-30 14:23,228,223,5
2013-04-30 14:24,228,222,6
2013-04-30 14:25,226,220,6
2013-04-30 14:26,226,219,7
2013-04-30 14:27,225,218,7
2013-04-30 14:28,224,216,8
2013-04-30 14:29,223,215,8
2013-04-30 14:30,222,214,8
2013-04-30 14:31,221,212,9
2013-04-30 14:32,220,211,9
2013-04-30 14:33,219,210,9
2013-04-30 14:34,218,208,10
2013-04-30 14:35,217,207,10
2013-04-30 14:36,216,206,10
2013-04-30 14:37,215,204,11
2013-04-30 14:38,213,203,10
2013-04-30 14:39,212,202,10
2013-04-30 14:40,211,200,11
2013-04-30 14:41,208,199,9
2013-04-30 14:42,207,198,9
2013-04-30 14:43,207,196,11
2013-04-30 14:44,206,195,11
2013-04-30 14:45,204,194,10
2013-04-30 14:46,203,193,10
2013-04-30 14:47,202,191,11
2013-04-30 14:48,201,190,11
2013-04-30 14:49,200,189,11
2013-04-30 14:50,199,188,11
2013-04-30 14:51,198,186,12
2013-04-30 14:52,197,185,12
2013-04-30 14:53,196,184,12
2013-04-30 14:54,194,183,11
2013-04-30 14:55,193,181,12
2013-04-30 14:56,192,180,12
2013-04-30 14:57,191,179,12
2013-04-30 14:58,191,178,13
2013-04-30 14:59,189,177,12
2013-04-30 15:00,188,176,12
2013-04-30 15:01,187,174,13
2013-04-30 15:02,186,173,13
2013-04-30 15:03,185,172,13
2013-04-30 15:04,184,171,13
2013-04-30 15:05,183,170,13
2013-04-30 15:06,182,169,13
2013-04-30 15:07,181,168,13
2013-04-30 15:08,180,167,13
2013-04-30 15:09,179,165,14
2013-04-30 15:10,178,164,14
2013-04-30 15:11,177,163,14
2013-04-30 15:12,176,162,14
2013-04-30 15:13,175,161,14
2013-04-30 15:14,174,160,14
2013-04-30 15:15,173,159,14
2013-04-30 15:16,173,158,15
2013-04-30 15:17,171,157,14
2013-04-30 15:18,171,156,15
2013-04-30 15:19,170,155,15
2013-04-30 15:20,169,154,15
2013-04-30 15:21,168,153,15
2013-04-30 15:22,167,152,15
2013-04-30 15:23,166,151,15
2013-04-30 15:24,165,151,14
2013-04-30 15:25,164,150,14
2013-04-30 15:26,163,149,14
2013-04-30 15:27,162,148,14
2013-04-30 15:28,162,147,15
2013-04-30 15:29,160,146,14
2013-04-30 15:30,159,145,14
2013-04-30 15:31,158,144,14
2013-04-30 15:32,157,144,13
2013-04-30 15:33,156,143,13
2013-04-30 15:34,155,142,13
2013-04-30 15:35,155,141,14
2013-04-30 15:36,154,140,14
2013-04-30 15:37,153,140,13
2013-04-30 15:38,152,139,13
2013-04-30 15:39,152,138,14
2013-04-30 15:40,151,138,13
2013-04-30 15:41,150,137,13
2013-04-30 15:42,149,136,13
2013-04-30 15:43,148,135,13
2013-04-30 15:44,148,135,13
2013-04-30 15:45,147,134,13
2013-04-30 15:46,146,134,12
2013-04-30 15:47,145,133,12
2013-04-30 15:48,145,132,13
2013-04-30 15:49,144,132,12
2013-04-30 15:50,143,131,12
2013-04-30 15:51,142,131,11
2013-04-30 15:52,140,130,10
2013-04-30 15:53,140,130,10
2013-04-30 15:54,139,129,10
2013-04-30 15:55,138,128,10
2013-04-30 15:56,137,128,9
2013-04-30 15:57,137,128,9
2013-04-30 15:58,136,127,9
2013-04-30 15:59,135,127,8
2013-04-30 16:00,134,126,8
2013-04-30 16:01,133,126,7
2013-04-30 16:02,132,125,7
2013-04-30 16:03,131,125,6
2013-04-30 16:04,131,125,6
2013-04-30 16:05,130,124,6
2013-04-30 16:06,129,124,5
2013-04-30 16:07,128,124,4
2013-04-30 16:08,127,123,4
2013-04-30 16:09,127,123,4
2013-04-30 16:10,126,123,3
2013-04-30 16:11,125,123,2
2013-04-30 16:12,124,122,2
2013-04-30 16:13,123,122,1
2013-04-30 16:14,122,122,0
2013-04-30 16:15,121,122,-1
2013-04-30 16:16,120,122,-2
2013-04-30 16:17,119,121,-2
2013-04-30 16:18,119,121,-2
2013-04-30 16:19,118,121,-3
2013-04-30 16:20,118,121,-3
2013-04-30 16:21,118,121,-3
2013-04-30 16:22,118,121,-3
2013-04-30 16:23,117,121,-4
2013-04-30 16:24,116,121,-5
2013-04-30 16:25,116,121,-5
2013-04-30 16:26,116,121,-5
2013-04-30 16:27,115,121,-6
2013-04-30 16:28,115,121,-6
2013-04-30 16:29,114,121,-7
2013-04-30 16:30,114,121,-7
2013-04-30 16:31,113,121,-8
2013-04-30 16:32,113,121,-8
2013-04-30 16:33,113,121,-8
2013-04-30 16:34,112,122,-10
2013-04-30 16:35,113,122,-9
2013-04-30 16:36,113,122,-9
2013-04-30 16:37,113,122,-9
2013-04-30 16:38,113,122,-9
2013-04-30 16:39,113,123,-10
2013-04-30 16:40,113,123,-10
2013-04-30 16:41,112,123,-11
2013-04-30 16:42,113,123,-10
2013-04-30 16:43,113,124,-11
2013-04-30 16:44,114,124,-10
2013-04-30 16:45,114,124,-10
2013-04-30 16:46,115,125,-10
2013-04-30 16:47,116,125,-9
2013-04-30 16:48,117,126,-9
2013-04-30 16:49,118,126,-8
2013-04-30 16:50,119,126,-7
2013-04-30 16:51,120,127,-7
2013-04-30 16:52,122,127,-5
2013-04-30 16:53,123,128,-5
2013-04-30 16:54,126,128,-2
2013-04-30 16:55,128,129,-1
2013-04-30 16:56,130,129,1
2013-04-30 16:57,132,130,2
2013-04-30 16:58,134,131,3
2013-04-30 16:59,137,131,6
2013-04-30 17:00,139,132,7
2013-04-30 17:01,143,133,10
2013-04-30 17:02,145,133,12
2013-04-30 17:03,147,134,13
2013-04-30 17:04,150,135,15
2013-04-30 17:05,152,135,17
2013-04-30 17:06,154,136,18
2013-04-30 17:07,156,137,19
2013-04-30 17:08,158,138,20
2013-04-30 17:09,160,138,22
2013-04-30 17:10,162,139,23
2013-04-30 17:11,164,140,24
2013-04-30 17:12,166,141,25
2013-04-30 17:13,168,142,26
2013-04-30 17:14,170,143,27
2013-04-30 17:15,171,144,27
2013-04-30 17:16,173,145,28
2013-04-30 17:17,174,146,28
2013-04-30 17:18,175,147,28
2013-04-30 17:19,177,148,29
2013-04-30 17:20,178,149,29
2013-04-30 17:21,180,150,30
2013-04-30 17:22,181,151,30
2013-04-30 17:23,183,152,31
2013-04-30 17:24,184,153,31
2013-04-30 17:25,186,154,32
2013-04-30 17:26,187,155,32
2013-04-30 17:27,189,156,33
2013-04-30 17:28,190,158,32
2013-04-30 17:29,191,159,32
2013-04-30 17:30,192,160,32
2013-04-30 17:31,194,161,33
2013-04-30 17:32,195,163,32
2013-04-30 17:33,196,164,32
2013-04-30 17:34,197,165,32
2013-04-30 17:35,198,166,32
2013-04-30 17:36,199,168,31
2013-04-30 17:37,200,169,31
2013-04-30 17:38,201,171,30
2013-04-30 17:39,202,172,30
2013-04-30 17:40,203,173,30
2013-04-30 17:41,204,175,29
2013-04-30 17:42,206,176,30
2013-04-30 17:43,206,178,28
2013-04-30 17:44,208,179,29
2013-04-30 17:45,209,181,28
2013-04-30 17:46,210,182,28
2013-04-30 17:47,211,184,27
2013-04-30 17:48,212,186,26
2013-04-30 17:49,213,187,26
2013-04-30 17:50,214,189,25
2013-04-30 17:51,215,190,25
2013-04-30 17:52,216,192,24
2013-04-30 17:53,217,194,23
2013-04-30 17:54,218,196,22
2013-04-30 17:55,219,197,22
2013-04-30 17:56,220,199,21
2013-04-30 17:57,221,201,20
2013-04-30 17:58,222,203,19
2013-04-30 17:59,223,204,19
2013-04-30 18:00,224,206,18
2013-04-30 18:01,225,208,17
2013-04-30 18:02,226,210,16
2013-04-30 18:03,228,212,16
2013-04-30 18:04,229,214,15
2013-04-30 18:05,230,216,14
2013-04-30 18:06,231,218,13
2013-04-30 18:07,232,220,12
2013-04-30 18:08,234,221,13
2013-04-30 18:09,236,223,13
2013-04-30 18:10,237,225,12
2013-04-30 18:11,239,228,11
2013-04-30 18:12,240,230,10
2013-04-30 18:13,242,232,10
2013-04-30 18:14,243,234,9
2013-04-30 18:15,245,236,9
2013-04-30 18:16,246,238,8
2013-04-30 18:17,248,240,8
2013-04-30 18:18,250,242,8
2013-04-30 18:19,252,244,8
2013-04-30 18:20,254,247,7
2013-04-30 18:21,256,249,7
2013-04-30 18:22,258,251,7
2013-04-30 18:23,259,253,6
2013-04-30 18:24,261,256,5
2013-04-30 18:25,263,258,5
2013-04-30 18:26,265,260,5
2013-04-30 18:27,267,262,5
2013-04-30 18:28,268,265,3
2013-04-30 18:29,271,267,4
2013-04-30 18:30,273,269,4
2013-04-30 18:31,274,272,2
2013-04-30 18:32,277,274,3
2013-04-30 18:33,279,277,2
2013-04-30 18:34,281,279,2
2013-04-30 18:35,283,281,2
2013-04-30 18:36,285,284,1
2013-04-30 18:37,288,286,2
2013-04-30 18:38,290,289,1
2013-04-30 18:39,293,291,2
2013-04-30 18:40,296,294,2
2013-04-30 18:41,298,296,2
2013-04-30 18:42,301,299,2
2013-04-30 18:43,304,301,3
2013-04-30 18:44,306,304,2
2013-04-30 18:45,309,306,3
2013-04-30 18:46,311,309,2
2013-04-30 18:47,314,311,3
2013-04-30 18:48,317,314,3
2013-04-30 18:49,319,317,2
2013-04-30 18:50,321,319,2
2013-04-30 18:51,324,322,2
2013-04-30 18:52,327,324,3
2013-04-30 18:53,330,327,3
2013-04-30 18:54,333,330,3
2013-04-30 18:55,335,332,3
2013-04-30 18:56,338,335,3
2013-04-30 18:57,341,338,3
2013-04-30 18:58,343,340,3
2013-04-30 18:59,346,343,3
2013-04-30 19:00,348,346,2
2013-04-30 19:01,351,348,3
2013-04-30 19:02,354,351,3
2013-04-30 19:03,356,354,2
2013-04-30 19:04,359,356,3
2013-04-30 19:05,361,359,2
2013-04-30 19:06,364,362,2
2013-04-30 19:07,367,364,3
2013-04-30 19:08,369,367,2
2013-04-30 19:09,372,370,2
2013-04-30 19:10,375,373,2
2013-04-30 19:11,377,375,2
2013-04-30 19:12,380,378,2
2013-04-30 19:13,383,381,2
2013-04-30 19:14,385,383,2
2013-04-30 19:15,388,386,2
2013-04-30 19:16,391,389,2
2013-04-30 19:17,393,392,1
2013-04-30 19:18,396,394,2
2013-04-30 19:19,398,397,1
2013-04-30 19:20,401,400,1
2013-04-30 19:21,404,403,1
2013-04-30 19:22,407,405,2
2013-04-30 19:23,409,408,1
2013-04-30 19:24,412,411,1
2013-04-30 19:25,414,413,1
2013-04-30 19:26,417,416,1
2013-04-30 19:27,420,419,1
2013-04-30 19:28,422,422,0
2013-04-30 19:29,425,424,1
2013-04-30 19:30,427,427,0
2013-04-30 19:31,430,430,0
2013-04-30 19:32,432,432,0
2013-04-30 19:33,435,435,0
2013-04-30 19:34,437,438,-1
2013-04-30 19:35,440,440,0
2013-04-30 19:36,442,443,-1
2013-04-30 19:37,445,446,-1
2013-04-30 19:38,447,448,-1
2013-04-30 19:39,449,451,-2
2013-04-30 19:40,452,453,-1
2013-04-30 19:41,454,456,-2
2013-04-30 19:42,457,459,-2
2013-04-30 19:43,459,461,-2
2013-04-30 19:44,462,464,-2
2013-04-30 19:45,464,466,-2
2013-04-30 19:46,467,469,-2
2013-04-30 19:47,469,471,-2
2013-04-30 19:48,471,474,-3
2013-04-30 19:49,474,476,-2
2013-04-30 19:50,477,479,-2
2013-04-30 19:51,479,481,-2
2013-04-30 19:52,482,484,-2
2013-04-30 19:53,484,486,-2
2013-04-30 19:54,487,489,-2
2013-04-30 19:55,489,491,-2
2013-04-30 19:56,492,493,-1
2013-04-30 19:57,494,496,-2
2013-04-30 19:58,496,498,-2
2013-04-30 19:59,499,501,-2
2013-04-30 20:00,501,503,-2
2013-04-30 20:01,504,505,-1
2013-04-30 20:02,506,507,-1
2013-04-30 20:03,508,510,-2
2013-04-30 20:04,510,512,-2
2013-04-30 20:05,513,514,-1
2013-04-30 20:06,515,516,-1
2013-04-30 20:07,517,519,-2
2013-04-30 20:08,519,521,-2
2013-04-30 20:09,521,523,-2
2013-04-30 20:10,523,525,-2
2013-04-30 20:11,525,527,-2
2013-04-30 20:12,527,529,-2
2013-04-30 20:13,529,531,-2
2013-04-30 20:14,531,533,-2
2013-04-30 20:15,533,535,-2
2013-04-30 20:16,536,537,-1
2013-04-30 20:17,537,539,-2
2013-04-30 20:18,539,541,-2
2013-04-30 20:19,542,543,-1
2013-04-30 20:20,543,545,-2
2013-04-30 20:21,545,547,-2
2013-04-30 20:22,547,548,-1
2013-04-30 20:23,549,550,-1
2013-04-30 20:24,551,552,-1
2013-04-30 20:25,553,554,-1
2013-04-30 20:26,555,555,0
2013-04-30 20:27,557,557,0
2013-04-30 20:28,559,559,0
2013-04-30 20:29,561,560,1
2013-04-30 20:30,563,562,1
2013-04-30 20:31,565,563,2
2013-04-30 20:32,567,565,2
2013-04-30 20:33,568,566,2
2013-04-30 20:34,570,568,2
2013-04-30 20:35,571,569,2
2013-04-30 20:36,573,571,2
2013-04-30 20:37,575,572,3
2013-04-30 20:38,576,574,2
2013-04-30 20:39,578,575,3
2013-04-30 20:40,579,576,3
2013-04-30 20:41,581,577,4
2013-04-30 20:42,582,579,3
2013-04-30 20:43,584,580,4
2013-04-30 20:44,585,581,4
2013-04-30 20:45,587,582,5
2013-04-30 20:46,588,583,5
2013-04-30 20:47,589,584,5
2013-04-30 20:48,591,585,6
2013-04-30 20:49,592,586,6
2013-04-30 20:50,593,587,6
2013-04-30 20:51,594,588,6
2013-04-30 20:52,596,589,7
2013-04-30 20:53,596,590,6
2013-04-30 20:54,598,591,7
2013-04-30 20:55,598,591,7
2013-04-30 20:56,600,592,8
2013-04-30 20:57,600,593,7
2013-04-30 20:58,601,594,7
2013-04-30 20:59,602,594,8
2013-04-30 21:00,603,595,8
2013-04-30 21:01,604,596,8
2013-04-30 21:02,604,596,8
2013-04-30 21:03,605,597,8
2013-04-30 21:04,606,597,9
2013-04-30 21:05,607,598,9
2013-04-30 21:06,607,598,9
2013-04-30 21:07,608,598,10
2013-04-30 21:08,608,599,9
2013-04-30 21:09,609,599,10
2013-04-30 21:10,610,599,11
2013-04-30 21:11,610,600,10
2013-04-30 21:12,611,600,11
2013-04-30 21:13,611,600,11
2013-04-30 21:14,611,600,11
2013-04-30 21:15,612,600,12
2013-04-30 21:16,612,600,12
2013-04-30 21:17,612,600,12
2013-04-30 21:18,612,600,12
2013-04-30 21:19,612,600,12
2013-04-30 21:20,613,600,13
2013-04-30 21:21,613,600,13
2013-04-30 21:22,613,600,13
2013-04-30 21:23,613,600,13
2013-04-30 21:24,613,600,13
2013-04-30 21:25,613,600,13
2013-04-30 21:26,613,599,14
2013-04-30 21:27,613,599,14
2013-04-30 21:28,612,599,13
2013-04-30 21:29,612,598,14
2013-04-30 21:30,612,598,14
2013-04-30 21:31,612,598,14
2013-04-30 21:32,611,597,14
2013-04-30 21:33,610,597,13
2013-04-30 21:34,610,596,14
2013-04-30 21:35,610,596,14
2013-04-30 21:36,609,595,14
2013-04-30 21:37,608,594,14
2013-04-30 21:38,607,594,13
2013-04-30 21:39,606,593,13
2013-04-30 21:40,606,592,14
2013-04-30 21:41,605,592,13
2013-04-30 21:42,604,591,13
2013-04-30 21:43,603,590,13
2013-04-30 21:44,603,589,14
2013-04-30 21:45,601,589,12
2013-04-30 21:46,601,588,13
2013-04-30 21:47,600,587,13
2013-04-30 21:48,599,586,13
2013-04-30 21:49,598,585,13
2013-04-30 21:50,597,584,13
2013-04-30 21:51,596,583,13
2013-04-30 21:52,595,582,13
2013-04-30 21:53,594,581,13
2013-04-30 21:54,592,580,12
2013-04-30 21:55,591,579,12
2013-04-30 21:56,590,578,12
2013-04-30 21:57,589,577,12
2013-04-30 21:58,588,576,12
2013-04-30 21:59,586,574,12
2013-04-30 22:00,585,573,12
2013-04-30 22:01,584,572,12
2013-04-30 22:02,583,571,12
2013-04-30 22:03,582,569,13
2013-04-30 22:04,581,568,13
2013-04-30 22:05,579,567,12
2013-04-30 22:06,577,565,12
2013-04-30 22:07,576,564,12
2013-04-30 22:08,574,563,11
2013-04-30 22:09,573,561,12
2013-04-30 22:10,571,560,11
2013-04-30 22:11,570,558,12
2013-04-30 22:12,568,557,11
2013-04-30 22:13,567,556,11
2013-04-30 22:14,565,554,11
2013-04-30 22:15,564,553,11
2013-04-30 22:16,562,551,11
2013-04-30 22:17,561,549,12
2013-04-30 22:18,560,548,12
2013-04-30 22:19,558,546,12
2013-04-30 22:20,557,545,12
2013-04-30 22:21,555,543,12
2013-04-30 22:22,554,542,12
2013-04-30 22:23,552,540,12
2013-04-30 22:24,551,538,13
2013-04-30 22:25,549,537,12
2013-04-30 22:26,548,535,13
2013-04-30 22:27,546,533,13
2013-04-30 22:28,544,532,12
2013-04-30 22:29,543,530,13
2013-04-30 22:30,541,528,13
2013-04-30 22:31,540,526,14
2013-04-30 22:32,538,525,13
2013-04-30 22:33,536,523,13
2013-04-30 22:34,535,521,14
2013-04-30 22:35,533,519,14
2013-04-30 22:36,532,518,14
2013-04-30 22:37,530,516,14
2013-04-30 22:38,528,514,14
2013-04-30 22:39,527,512,15
2013-04-30 22:40,525,510,15
2013-04-30 22:41,524,509,15
2013-04-30 22:42,522,507,15
2013-04-30 22:43,520,505,15
2013-04-30 22:44,519,503,16
2013-04-30 22:45,517,501,16
2013-04-30 22:46,515,499,16
2013-04-30 22:47,513,497,16
2013-04-30 22:48,512,496,16
2013-04-30 22:49,510,494,16
2013-04-30 22:50,508,492,16
2013-04-30 22:51,506,490,16
2013-04-30 22:52,504,488,16
2013-04-30 22:53,502,486,16
2013-04-30 22:54,501,484,17
2013-04-30 22:55,499,482,17
2013-04-30 22:56,497,481,16
2013-04-30 22:57,495,479,16
2013-04-30 22:58,493,477,16
2013-04-30 22:59,491,475,16
2013-04-30 23:00,490,473,17
2013-04-30 23:01,488,471,17
2013-04-30 23:02,486,469,17
2013-04-30 23:03,485,467,18
2013-04-30 23:04,483,465,18
2013-04-30 23:05,481,464,17
2013-04-30 23:06,479,462,17
2013-04-30 23:07,477,460,17
2013-04-30 23:08,475,458,17
2013-04-30 23:09,474,456,18
2013-04-30 23:10,472,454,18
2013-04-30 23:11,470,452,18
2013-04-30 23:12,468,450,18
2013-04-30 23:13,467,449,18
2013-04-30 23:14,465,447,18
2013-04-30 23:15,463,445,18
2013-04-30 23:16,461,443,18
2013-04-30 23:17,459,441,18
2013-04-30 23:18,457,439,18
2013-04-30 23:19,455,437,18
2013-04-30 23:20,453,436,17
2013-04-30 23:21,451,434,17
2013-04-30 23:22,450,432,18
2013-04-30 23:23,448,430,18
2013-04-30 23:24,446,428,18
2013-04-30 23:25,445,427,18
2013-04-30 23:26,443,425,18
2013-04-30 23:27,441,423,18
2013-04-30 23:28,439,421,18
2013-04-30 23:29,437,419,18
2013-04-30 23:30,436,418,18
2013-04-30 23:31,434,416,18
2013-04-30 23:32,432,414,18
2013-04-30 23:33,430,412,18
2013-04-30 23:34,429,410,19
2013-04-30 23:35,427,409,18
2013-04-30 23:36,425,407,18
2013-04-30 23:37,423,405,18
2013-04-30 23:38,421,404,17
2013-04-30 23:39,420,402,18
2013-04-30 23:40,418,400,18
2013-04-30 23:41,416,398,18
2013-04-30 23:42,414,397,17
2013-04-30 23:43,412,395,17
2013-04-30 23:44,411,393,18
2013-04-30 23:45,409,392,17
2013-04-30 23:46,407,390,17
2013-04-30 23:47,406,388,18
2013-04-30 23:48,404,387,17
2013-04-30 23:49,402,385,17
2013-04-30 23:50,400,383,17
2013-04-30 23:51,399,382,17
2013-04-30 23:52,397,380,17
2013-04-30 23:53,395,379,16
2013-04-30 23:54,394,377,17
2013-04-30 23:55,392,375,17
2013-04-30 23:56,390,374,16
2013-04-30 23:57,389,372,17
2013-04-30 23:58,387,371,16
2013-04-30 23:59,386,369,17
2013-05-01 0:00,-,368,-
