관측시간,실측조위(Cm),예측조위(Cm),잔차(Cm)
2014-04-29 0:00,113,90,23
2014-04-29 0:01,112,89,23
2014-04-29 0:02,111,88,23
2014-04-29 0:03,111,87,24
2014-04-29 0:04,110,87,23
2014-04-29 0:05,109,86,23
2014-04-29 0:06,108,85,23
2014-04-29 0:07,107,85,22
2014-04-29 0:08,106,84,22
2014-04-29 0:09,105,83,22
2014-04-29 0:10,104,83,21
2014-04-29 0:11,103,82,21
2014-04-29 0:12,102,81,21
2014-04-29 0:13,101,81,20
2014-04-29 0:14,101,80,21
2014-04-29 0:15,100,80,20
2014-04-29 0:16,99,79,20
2014-04-29 0:17,98,78,20
2014-04-29 0:18,97,78,19
2014-04-29 0:19,96,77,19
2014-04-29 0:20,95,77,18
2014-04-29 0:21,95,76,19
2014-04-29 0:22,94,76,18
2014-04-29 0:23,93,76,17
2014-04-29 0:24,92,75,17
2014-04-29 0:25,92,75,17
2014-04-29 0:26,91,74,17
2014-04-29 0:27,90,74,16
2014-04-29 0:28,89,74,15
2014-04-29 0:29,89,73,16
2014-04-29 0:30,88,73,15
2014-04-29 0:31,87,73,14
2014-04-29 0:32,86,72,14
2014-04-29 0:33,85,72,13
2014-04-29 0:34,84,72,12
2014-04-29 0:35,83,72,11
2014-04-29 0:36,82,72,10
2014-04-29 0:37,82,71,11
2014-04-29 0:38,81,71,10
2014-04-29 0:39,80,71,9
2014-04-29 0:40,79,71,8
2014-04-29 0:41,78,71,7
2014-04-29 0:42,78,71,7
2014-04-29 0:43,77,71,6
2014-04-29 0:44,76,71,5
2014-04-29 0:45,76,71,5
2014-04-29 0:46,75,71,4
2014-04-29 0:47,74,71,3
2014-04-29 0:48,73,71,2
2014-04-29 0:49,73,71,2
2014-04-29 0:50,72,71,1
2014-04-29 0:51,71,71,0
2014-04-29 0:52,71,71,0
2014-04-29 0:53,70,71,-1
2014-04-29 0:54,69,71,-2
2014-04-29 0:55,69,71,-2
2014-04-29 0:56,68,71,-3
2014-04-29 0:57,67,72,-5
2014-04-29 0:58,67,72,-5
2014-04-29 0:59,66,72,-6
2014-04-29 1:00,66,72,-6
2014-04-29 1:01,65,73,-8
2014-04-29 1:02,64,73,-9
2014-04-29 1:03,64,73,-9
2014-04-29 1:04,63,74,-11
2014-04-29 1:05,63,74,-11
2014-04-29 1:06,62,74,-12
2014-04-29 1:07,62,75,-13
2014-04-29 1:08,61,75,-14
2014-04-29 1:09,61,75,-14
2014-04-29 1:10,61,76,-15
2014-04-29 1:11,61,76,-15
2014-04-29 1:12,61,77,-16
2014-04-29 1:13,60,77,-17
2014-04-29 1:14,60,78,-18
2014-04-29 1:15,61,78,-17
2014-04-29 1:16,61,79,-18
2014-04-29 1:17,61,80,-19
2014-04-29 1:18,61,80,-19
2014-04-29 1:19,62,81,-19
2014-04-29 1:20,62,82,-20
2014-04-29 1:21,63,82,-19
2014-04-29 1:22,64,83,-19
2014-04-29 1:23,65,84,-19
2014-04-29 1:24,66,84,-18
2014-04-29 1:25,68,85,-17
2014-04-29 1:26,70,86,-16
2014-04-29 1:27,72,87,-15
2014-04-29 1:28,74,88,-14
2014-04-29 1:29,76,88,-12
2014-04-29 1:30,78,89,-11
2014-04-29 1:31,81,90,-9
2014-04-29 1:32,83,91,-8
2014-04-29 1:33,86,92,-6
2014-04-29 1:34,88,93,-5
2014-04-29 1:35,91,94,-3
2014-04-29 1:36,93,95,-2
2014-04-29 1:37,96,96,0
2014-04-29 1:38,98,97,1
2014-04-29 1:39,100,98,2
2014-04-29 1:40,102,99,3
2014-04-29 1:41,104,100,4
2014-04-29 1:42,106,101,5
2014-04-29 1:43,108,103,5
2014-04-29 1:44,109,104,5
2014-04-29 1:45,111,105,6
2014-04-29 1:46,113,106,7
2014-04-29 1:47,114,107,7
2014-04-29 1:48,116,109,7
2014-04-29 1:49,118,110,8
2014-04-29 1:50,119,111,8
2014-04-29 1:51,122,113,9
2014-04-29 1:52,123,114,9
2014-04-29 1:53,125,115,10
2014-04-29 1:54,126,117,9
2014-04-29 1:55,128,118,10
2014-04-29 1:56,130,120,10
2014-04-29 1:57,132,121,11
2014-04-29 1:58,133,123,10
2014-04-29 1:59,134,124,10
2014-04-29 2:00,136,126,10
2014-04-29 2:01,137,127,10
2014-04-29 2:02,139,129,10
2014-04-29 2:03,140,130,10
2014-04-29 2:04,142,132,10
2014-04-29 2:05,144,134,10
2014-04-29 2:06,145,135,10
2014-04-29 2:07,146,137,9
2014-04-29 2:08,148,139,9
2014-04-29 2:09,150,141,9
2014-04-29 2:10,151,142,9
2014-04-29 2:11,152,144,8
2014-04-29 2:12,153,146,7
2014-04-29 2:13,155,148,7
2014-04-29 2:14,156,150,6
2014-04-29 2:15,157,152,5
2014-04-29 2:16,159,154,5
2014-04-29 2:17,160,155,5
2014-04-29 2:18,162,157,5
2014-04-29 2:19,163,159,4
2014-04-29 2:20,165,161,4
2014-04-29 2:21,166,163,3
2014-04-29 2:22,167,166,1
2014-04-29 2:23,169,168,1
2014-04-29 2:24,170,170,0
2014-04-29 2:25,172,172,0
2014-04-29 2:26,173,174,-1
2014-04-29 2:27,174,176,-2
2014-04-29 2:28,176,178,-2
2014-04-29 2:29,177,181,-4
2014-04-29 2:30,179,183,-4
2014-04-29 2:31,180,185,-5
2014-04-29 2:32,182,187,-5
2014-04-29 2:33,184,190,-6
2014-04-29 2:34,186,192,-6
2014-04-29 2:35,187,194,-7
2014-04-29 2:36,189,197,-8
2014-04-29 2:37,191,199,-8
2014-04-29 2:38,192,202,-10
2014-04-29 2:39,195,204,-9
2014-04-29 2:40,196,207,-11
2014-04-29 2:41,198,209,-11
2014-04-29 2:42,200,212,-12
2014-04-29 2:43,202,214,-12
2014-04-29 2:44,204,217,-13
2014-04-29 2:45,206,219,-13
2014-04-29 2:46,208,222,-14
2014-04-29 2:47,210,224,-14
2014-04-29 2:48,212,227,-15
2014-04-29 2:49,214,230,-16
2014-04-29 2:50,216,232,-16
2014-04-29 2:51,218,235,-17
2014-04-29 2:52,220,238,-18
2014-04-29 2:53,222,241,-19
2014-04-29 2:54,225,243,-18
2014-04-29 2:55,227,246,-19
2014-04-29 2:56,229,249,-20
2014-04-29 2:57,231,252,-21
2014-04-29 2:58,233,255,-22
2014-04-29 2:59,236,258,-22
2014-04-29 3:00,238,260,-22
2014-04-29 3:01,240,263,-23
2014-04-29 3:02,242,266,-24
2014-04-29 3:03,245,269,-24
2014-04-29 3:04,247,272,-25
2014-04-29 3:05,249,275,-26
2014-04-29 3:06,252,278,-26
2014-04-29 3:07,254,281,-27
2014-04-29 3:08,257,284,-27
2014-04-29 3:09,260,287,-27
2014-04-29 3:10,262,290,-28
2014-04-29 3:11,264,293,-29
2014-04-29 3:12,267,297,-30
2014-04-29 3:13,269,300,-31
2014-04-29 3:14,272,303,-31
2014-04-29 3:15,275,306,-31
2014-04-29 3:16,278,309,-31
2014-04-29 3:17,280,312,-32
2014-04-29 3:18,283,316,-33
2014-04-29 3:19,285,319,-34
2014-04-29 3:20,288,322,-34
2014-04-29 3:21,292,325,-33
2014-04-29 3:22,294,328,-34
2014-04-29 3:23,298,332,-34
2014-04-29 3:24,300,335,-35
2014-04-29 3:25,304,338,-34
2014-04-29 3:26,307,342,-35
2014-04-29 3:27,310,345,-35
2014-04-29 3:28,313,348,-35
2014-04-29 3:29,316,352,-36
2014-04-29 3:30,320,355,-35
2014-04-29 3:31,323,358,-35
2014-04-29 3:32,327,362,-35
2014-04-29 3:33,330,365,-35
2014-04-29 3:34,333,368,-35
2014-04-29 3:35,337,372,-35
2014-04-29 3:36,340,375,-35
2014-04-29 3:37,343,378,-35
2014-04-29 3:38,347,382,-35
2014-04-29 3:39,350,385,-35
2014-04-29 3:40,354,389,-35
2014-04-29 3:41,357,392,-35
2014-04-29 3:42,361,395,-34
2014-04-29 3:43,364,399,-35
2014-04-29 3:44,367,402,-35
2014-04-29 3:45,370,406,-36
2014-04-29 3:46,373,409,-36
2014-04-29 3:47,376,413,-37
2014-04-29 3:48,379,416,-37
2014-04-29 3:49,383,420,-37
2014-04-29 3:50,385,423,-38
2014-04-29 3:51,389,426,-37
2014-04-29 3:52,392,430,-38
2014-04-29 3:53,395,433,-38
2014-04-29 3:54,398,437,-39
2014-04-29 3:55,401,440,-39
2014-04-29 3:56,404,444,-40
2014-04-29 3:57,407,447,-40
2014-04-29 3:58,410,450,-40
2014-04-29 3:59,414,454,-40
2014-04-29 4:00,417,457,-40
2014-04-29 4:01,420,461,-41
2014-04-29 4:02,423,464,-41
2014-04-29 4:03,426,468,-42
2014-04-29 4:04,429,471,-42
2014-04-29 4:05,432,474,-42
2014-04-29 4:06,435,478,-43
2014-04-29 4:07,439,481,-42
2014-04-29 4:08,442,484,-42
2014-04-29 4:09,445,488,-43
2014-04-29 4:10,448,491,-43
2014-04-29 4:11,451,494,-43
2014-04-29 4:12,454,498,-44
2014-04-29 4:13,457,501,-44
2014-04-29 4:14,461,504,-43
2014-04-29 4:15,464,508,-44
2014-04-29 4:16,467,511,-44
2014-04-29 4:17,470,514,-44
2014-04-29 4:18,474,518,-44
2014-04-29 4:19,477,521,-44
2014-04-29 4:20,480,524,-44
2014-04-29 4:21,483,527,-44
2014-04-29 4:22,486,530,-44
2014-04-29 4:23,489,534,-45
2014-04-29 4:24,492,537,-45
2014-04-29 4:25,496,540,-44
2014-04-29 4:26,499,543,-44
2014-04-29 4:27,503,546,-43
2014-04-29 4:28,506,549,-43
2014-04-29 4:29,509,552,-43
2014-04-29 4:30,512,555,-43
2014-04-29 4:31,516,558,-42
2014-04-29 4:32,519,561,-42
2014-04-29 4:33,522,564,-42
2014-04-29 4:34,525,567,-42
2014-04-29 4:35,528,570,-42
2014-04-29 4:36,531,573,-42
2014-04-29 4:37,534,576,-42
2014-04-29 4:38,538,579,-41
2014-04-29 4:39,540,582,-42
2014-04-29 4:40,543,584,-41
2014-04-29 4:41,546,587,-41
2014-04-29 4:42,549,590,-41
2014-04-29 4:43,552,593,-41
2014-04-29 4:44,554,595,-41
2014-04-29 4:45,558,598,-40
2014-04-29 4:46,560,601,-41
2014-04-29 4:47,563,603,-40
2014-04-29 4:48,566,606,-40
2014-04-29 4:49,568,608,-40
2014-04-29 4:50,571,611,-40
2014-04-29 4:51,574,613,-39
2014-04-29 4:52,576,616,-40
2014-04-29 4:53,579,618,-39
2014-04-29 4:54,582,621,-39
2014-04-29 4:55,584,623,-39
2014-04-29 4:56,587,625,-38
2014-04-29 4:57,589,628,-39
2014-04-29 4:58,592,630,-38
2014-04-29 4:59,595,632,-37
2014-04-29 5:00,597,634,-37
2014-04-29 5:01,600,636,-36
2014-04-29 5:02,602,639,-37
2014-04-29 5:03,604,641,-37
2014-04-29 5:04,607,643,-36
2014-04-29 5:05,609,645,-36
2014-04-29 5:06,611,647,-36
2014-04-29 5:07,614,649,-35
2014-04-29 5:08,617,651,-34
2014-04-29 5:09,619,652,-33
2014-04-29 5:10,622,654,-32
2014-04-29 5:11,624,656,-32
2014-04-29 5:12,627,658,-31
2014-04-29 5:13,630,660,-30
2014-04-29 5:14,632,661,-29
2014-04-29 5:15,634,663,-29
2014-04-29 5:16,636,665,-29
2014-04-29 5:17,638,666,-28
2014-04-29 5:18,640,668,-28
2014-04-29 5:19,642,669,-27
2014-04-29 5:20,644,671,-27
2014-04-29 5:21,646,672,-26
2014-04-29 5:22,648,673,-25
2014-04-29 5:23,650,675,-25
2014-04-29 5:24,651,676,-25
2014-04-29 5:25,653,677,-24
2014-04-29 5:26,655,678,-23
2014-04-29 5:27,656,680,-24
2014-04-29 5:28,657,681,-24
2014-04-29 5:29,659,682,-23
2014-04-29 5:30,660,683,-23
2014-04-29 5:31,662,684,-22
2014-04-29 5:32,663,685,-22
2014-04-29 5:33,664,686,-22
2014-04-29 5:34,665,687,-22
2014-04-29 5:35,667,687,-20
2014-04-29 5:36,668,688,-20
2014-04-29 5:37,669,689,-20
2014-04-29 5:38,670,690,-20
2014-04-29 5:39,671,690,-19
2014-04-29 5:40,672,691,-19
2014-04-29 5:41,673,692,-19
2014-04-29 5:42,674,692,-18
2014-04-29 5:43,675,693,-18
2014-04-29 5:44,675,693,-18
2014-04-29 5:45,676,694,-18
2014-04-29 5:46,676,694,-18
2014-04-29 5:47,677,694,-17
2014-04-29 5:48,678,695,-17
2014-04-29 5:49,679,695,-16
2014-04-29 5:50,679,695,-16
2014-04-29 5:51,679,695,-16
2014-04-29 5:52,680,695,-15
2014-04-29 5:53,680,696,-16
2014-04-29 5:54,681,696,-15
2014-04-29 5:55,681,696,-15
2014-04-29 5:56,682,696,-14
2014-04-29 5:57,682,696,-14
2014-04-29 5:58,682,696,-14
2014-04-29 5:59,682,695,-13
2014-04-29 6:00,682,695,-13
2014-04-29 6:01,682,695,-13
2014-04-29 6:02,682,695,-13
2014-04-29 6:03,682,695,-13
2014-04-29 6:04,682,694,-12
2014-04-29 6:05,682,694,-12
2014-04-29 6:06,681,693,-12
2014-04-29 6:07,681,693,-12
2014-04-29 6:08,680,693,-13
2014-04-29 6:09,680,692,-12
2014-04-29 6:10,680,692,-12
2014-04-29 6:11,679,691,-12
2014-04-29 6:12,679,690,-11
2014-04-29 6:13,678,690,-12
2014-04-29 6:14,678,689,-11
2014-04-29 6:15,677,688,-11
2014-04-29 6:16,676,688,-12
2014-04-29 6:17,676,687,-11
2014-04-29 6:18,675,686,-11
2014-04-29 6:19,674,685,-11
2014-04-29 6:20,673,684,-11
2014-04-29 6:21,673,683,-10
2014-04-29 6:22,672,682,-10
2014-04-29 6:23,671,681,-10
2014-04-29 6:24,670,680,-10
2014-04-29 6:25,669,679,-10
2014-04-29 6:26,668,678,-10
2014-04-29 6:27,667,677,-10
2014-04-29 6:28,665,676,-11
2014-04-29 6:29,664,675,-11
2014-04-29 6:30,663,674,-11
2014-04-29 6:31,661,673,-12
2014-04-29 6:32,660,671,-11
2014-04-29 6:33,659,670,-11
2014-04-29 6:34,658,669,-11
2014-04-29 6:35,657,667,-10
2014-04-29 6:36,655,666,-11
2014-04-29 6:37,654,665,-11
2014-04-29 6:38,653,663,-10
2014-04-29 6:39,652,662,-10
2014-04-29 6:40,650,660,-10
2014-04-29 6:41,649,659,-10
2014-04-29 6:42,648,657,-9
2014-04-29 6:43,646,656,-10
2014-04-29 6:44,645,654,-9
2014-04-29 6:45,644,653,-9
2014-04-29 6:46,643,651,-8
2014-04-29 6:47,641,650,-9
2014-04-29 6:48,640,648,-8
2014-04-29 6:49,638,646,-8
2014-04-29 6:50,637,645,-8
2014-04-29 6:51,635,643,-8
2014-04-29 6:52,634,641,-7
2014-04-29 6:53,632,640,-8
2014-04-29 6:54,630,638,-8
2014-04-29 6:55,629,636,-7
2014-04-29 6:56,627,634,-7
2014-04-29 6:57,626,633,-7
2014-04-29 6:58,624,631,-7
2014-04-29 6:59,622,629,-7
2014-04-29 7:00,621,627,-6
2014-04-29 7:01,619,625,-6
2014-04-29 7:02,618,624,-6
2014-04-29 7:03,616,622,-6
2014-04-29 7:04,615,620,-5
2014-04-29 7:05,613,618,-5
2014-04-29 7:06,612,616,-4
2014-04-29 7:07,610,614,-4
2014-04-29 7:08,608,612,-4
2014-04-29 7:09,606,610,-4
2014-04-29 7:10,605,608,-3
2014-04-29 7:11,603,606,-3
2014-04-29 7:12,603,604,-1
2014-04-29 7:13,601,603,-2
2014-04-29 7:14,600,601,-1
2014-04-29 7:15,598,599,-1
2014-04-29 7:16,596,597,-1
2014-04-29 7:17,595,595,0
2014-04-29 7:18,593,593,0
2014-04-29 7:19,591,591,0
2014-04-29 7:20,589,589,0
2014-04-29 7:21,588,587,1
2014-04-29 7:22,586,585,1
2014-04-29 7:23,584,583,1
2014-04-29 7:24,583,580,3
2014-04-29 7:25,581,578,3
2014-04-29 7:26,579,576,3
2014-04-29 7:27,578,574,4
2014-04-29 7:28,576,572,4
2014-04-29 7:29,574,570,4
2014-04-29 7:30,572,568,4
2014-04-29 7:31,570,566,4
2014-04-29 7:32,568,564,4
2014-04-29 7:33,566,562,4
2014-04-29 7:34,564,560,4
2014-04-29 7:35,563,558,5
2014-04-29 7:36,561,556,5
2014-04-29 7:37,559,554,5
2014-04-29 7:38,557,552,5
2014-04-29 7:39,555,550,5
2014-04-29 7:40,553,548,5
2014-04-29 7:41,551,546,5
2014-04-29 7:42,549,544,5
2014-04-29 7:43,547,542,5
2014-04-29 7:44,545,540,5
2014-04-29 7:45,543,538,5
2014-04-29 7:46,541,536,5
2014-04-29 7:47,539,534,5
2014-04-29 7:48,538,532,6
2014-04-29 7:49,536,530,6
2014-04-29 7:50,534,528,6
2014-04-29 7:51,532,526,6
2014-04-29 7:52,530,524,6
2014-04-29 7:53,-,522,-
2014-04-29 7:54,-,520,-
2014-04-29 7:55,530,518,12
2014-04-29 7:56,-,516,-
2014-04-29 7:57,521,514,7
2014-04-29 7:58,519,512,7
2014-04-29 7:59,517,510,7
2014-04-29 8:00,515,508,7
2014-04-29 8:01,513,506,7
2014-04-29 8:02,511,504,7
2014-04-29 8:03,509,502,7
2014-04-29 8:04,508,500,8
2014-04-29 8:05,505,498,7
2014-04-29 8:06,504,497,7
2014-04-29 8:07,502,495,7
2014-04-29 8:08,500,493,7
2014-04-29 8:09,498,491,7
2014-04-29 8:10,496,489,7
2014-04-29 8:11,494,487,7
2014-04-29 8:12,492,485,7
2014-04-29 8:13,490,483,7
2014-04-29 8:14,488,482,6
2014-04-29 8:15,487,480,7
2014-04-29 8:16,485,478,7
2014-04-29 8:17,483,476,7
2014-04-29 8:18,481,474,7
2014-04-29 8:19,479,473,6
2014-04-29 8:20,476,471,5
2014-04-29 8:21,475,469,6
2014-04-29 8:22,473,467,6
2014-04-29 8:23,471,466,5
2014-04-29 8:24,469,464,5
2014-04-29 8:25,467,462,5
2014-04-29 8:26,466,460,6
2014-04-29 8:27,463,459,4
2014-04-29 8:28,462,457,5
2014-04-29 8:29,459,455,4
2014-04-29 8:30,458,454,4
2014-04-29 8:31,456,452,4
2014-04-29 8:32,454,450,4
2014-04-29 8:33,452,448,4
2014-04-29 8:34,450,447,3
2014-04-29 8:35,449,445,4
2014-04-29 8:36,447,444,3
2014-04-29 8:37,446,442,4
2014-04-29 8:38,444,440,4
2014-04-29 8:39,442,439,3
2014-04-29 8:40,440,437,3
2014-04-29 8:41,438,435,3
2014-04-29 8:42,436,434,2
2014-04-29 8:43,434,432,2
2014-04-29 8:44,432,431,1
2014-04-29 8:45,431,429,2
2014-04-29 8:46,429,427,2
2014-04-29 8:47,427,426,1
2014-04-29 8:48,425,424,1
2014-04-29 8:49,423,423,0
2014-04-29 8:50,422,421,1
2014-04-29 8:51,420,420,0
2014-04-29 8:52,418,418,0
2014-04-29 8:53,416,417,-1
2014-04-29 8:54,414,415,-1
2014-04-29 8:55,412,414,-2
2014-04-29 8:56,411,412,-1
2014-04-29 8:57,409,411,-2
2014-04-29 8:58,407,409,-2
2014-04-29 8:59,406,408,-2
2014-04-29 9:00,404,406,-2
2014-04-29 9:01,402,405,-3
2014-04-29 9:02,400,403,-3
2014-04-29 9:03,398,402,-4
2014-04-29 9:04,397,400,-3
2014-04-29 9:05,395,399,-4
2014-04-29 9:06,393,397,-4
2014-04-29 9:07,392,396,-4
2014-04-29 9:08,390,394,-4
2014-04-29 9:09,389,393,-4
2014-04-29 9:10,386,392,-6
2014-04-29 9:11,385,390,-5
2014-04-29 9:12,383,389,-6
2014-04-29 9:13,381,387,-6
2014-04-29 9:14,380,386,-6
2014-04-29 9:15,378,384,-6
2014-04-29 9:16,376,383,-7
2014-04-29 9:17,375,382,-7
2014-04-29 9:18,373,380,-7
2014-04-29 9:19,371,379,-8
2014-04-29 9:20,369,377,-8
2014-04-29 9:21,368,376,-8
2014-04-29 9:22,366,374,-8
2014-04-29 9:23,365,373,-8
2014-04-29 9:24,363,372,-9
2014-04-29 9:25,361,370,-9
2014-04-29 9:26,360,369,-9
2014-04-29 9:27,358,367,-9
2014-04-29 9:28,356,366,-10
2014-04-29 9:29,355,365,-10
2014-04-29 9:30,353,363,-10
2014-04-29 9:31,352,362,-10
2014-04-29 9:32,350,360,-10
2014-04-29 9:33,348,359,-11
2014-04-29 9:34,346,358,-12
2014-04-29 9:35,344,356,-12
2014-04-29 9:36,343,355,-12
2014-04-29 9:37,341,353,-12
2014-04-29 9:38,340,352,-12
2014-04-29 9:39,338,350,-12
2014-04-29 9:40,336,349,-13
2014-04-29 9:41,335,348,-13
2014-04-29 9:42,333,346,-13
2014-04-29 9:43,332,345,-13
2014-04-29 9:44,330,343,-13
2014-04-29 9:45,328,342,-14
2014-04-29 9:46,327,341,-14
2014-04-29 9:47,325,339,-14
2014-04-29 9:48,324,338,-14
2014-04-29 9:49,322,336,-14
2014-04-29 9:50,321,335,-14
2014-04-29 9:51,319,333,-14
2014-04-29 9:52,318,332,-14
2014-04-29 9:53,316,331,-15
2014-04-29 9:54,315,329,-14
2014-04-29 9:55,313,328,-15
2014-04-29 9:56,312,326,-14
2014-04-29 9:57,310,325,-15
2014-04-29 9:58,308,323,-15
2014-04-29 9:59,307,322,-15
2014-04-29 10:00,305,320,-15
2014-04-29 10:01,304,319,-15
2014-04-29 10:02,302,318,-16
2014-04-29 10:03,301,316,-15
2014-04-29 10:04,299,315,-16
2014-04-29 10:05,298,313,-15
2014-04-29 10:06,297,312,-15
2014-04-29 10:07,295,310,-15
2014-04-29 10:08,294,309,-15
2014-04-29 10:09,292,307,-15
2014-04-29 10:10,290,306,-16
2014-04-29 10:11,289,304,-15
2014-04-29 10:12,288,303,-15
2014-04-29 10:13,286,301,-15
2014-04-29 10:14,285,300,-15
2014-04-29 10:15,283,298,-15
2014-04-29 10:16,282,297,-15
2014-04-29 10:17,281,295,-14
2014-04-29 10:18,279,294,-15
2014-04-29 10:19,278,292,-14
2014-04-29 10:20,277,291,-14
2014-04-29 10:21,275,289,-14
2014-04-29 10:22,273,288,-15
2014-04-29 10:23,272,286,-14
2014-04-29 10:24,271,285,-14
2014-04-29 10:25,269,283,-14
2014-04-29 10:26,268,282,-14
2014-04-29 10:27,267,280,-13
2014-04-29 10:28,265,279,-14
2014-04-29 10:29,264,277,-13
2014-04-29 10:30,263,276,-13
2014-04-29 10:31,261,274,-13
2014-04-29 10:32,260,272,-12
2014-04-29 10:33,259,271,-12
2014-04-29 10:34,257,269,-12
2014-04-29 10:35,256,268,-12
2014-04-29 10:36,255,266,-11
2014-04-29 10:37,253,265,-12
2014-04-29 10:38,252,263,-11
2014-04-29 10:39,251,262,-11
2014-04-29 10:40,249,260,-11
2014-04-29 10:41,248,258,-10
2014-04-29 10:42,247,257,-10
2014-04-29 10:43,245,255,-10
2014-04-29 10:44,244,254,-10
2014-04-29 10:45,243,252,-9
2014-04-29 10:46,242,251,-9
2014-04-29 10:47,241,249,-8
2014-04-29 10:48,240,248,-8
2014-04-29 10:49,238,246,-8
2014-04-29 10:50,237,244,-7
2014-04-29 10:51,236,243,-7
2014-04-29 10:52,234,241,-7
2014-04-29 10:53,233,240,-7
2014-04-29 10:54,232,238,-6
2014-04-29 10:55,230,237,-7
2014-04-29 10:56,229,235,-6
2014-04-29 10:57,228,234,-6
2014-04-29 10:58,227,232,-5
2014-04-29 10:59,226,230,-4
2014-04-29 11:00,224,229,-5
2014-04-29 11:01,223,227,-4
2014-04-29 11:02,222,226,-4
2014-04-29 11:03,222,224,-2
2014-04-29 11:04,220,223,-3
2014-04-29 11:05,219,221,-2
2014-04-29 11:06,218,220,-2
2014-04-29 11:07,217,218,-1
2014-04-29 11:08,215,217,-2
2014-04-29 11:09,215,215,0
2014-04-29 11:10,213,213,0
2014-04-29 11:11,212,212,0
2014-04-29 11:12,211,210,1
2014-04-29 11:13,210,209,1
2014-04-29 11:14,209,207,2
2014-04-29 11:15,208,206,2
2014-04-29 11:16,206,204,2
2014-04-29 11:17,205,203,2
2014-04-29 11:18,204,201,3
2014-04-29 11:19,203,200,3
2014-04-29 11:20,201,198,3
2014-04-29 11:21,200,197,3
2014-04-29 11:22,199,195,4
2014-04-29 11:23,198,194,4
2014-04-29 11:24,197,193,4
2014-04-29 11:25,196,191,5
2014-04-29 11:26,195,190,5
2014-04-29 11:27,193,188,5
2014-04-29 11:28,192,187,5
2014-04-29 11:29,191,185,6
2014-04-29 11:30,190,184,6
2014-04-29 11:31,189,182,7
2014-04-29 11:32,188,181,7
2014-04-29 11:33,187,180,7
2014-04-29 11:34,186,178,8
2014-04-29 11:35,185,177,8
2014-04-29 11:36,184,175,9
2014-04-29 11:37,183,174,9
2014-04-29 11:38,182,173,9
2014-04-29 11:39,181,171,10
2014-04-29 11:40,179,170,9
2014-04-29 11:41,178,169,9
2014-04-29 11:42,177,167,10
2014-04-29 11:43,176,166,10
2014-04-29 11:44,175,165,10
2014-04-29 11:45,174,163,11
2014-04-29 11:46,173,162,11
2014-04-29 11:47,172,161,11
2014-04-29 11:48,171,160,11
2014-04-29 11:49,170,158,12
2014-04-29 11:50,170,157,13
2014-04-29 11:51,168,156,12
2014-04-29 11:52,167,155,12
2014-04-29 11:53,167,153,14
2014-04-29 11:54,165,152,13
2014-04-29 11:55,164,151,13
2014-04-29 11:56,163,150,13
2014-04-29 11:57,162,149,13
2014-04-29 11:58,161,147,14
2014-04-29 11:59,161,146,15
2014-04-29 12:00,159,145,14
2014-04-29 12:01,158,144,14
2014-04-29 12:02,157,143,14
2014-04-29 12:03,156,142,14
2014-04-29 12:04,155,141,14
2014-04-29 12:05,154,140,14
2014-04-29 12:06,153,138,15
2014-04-29 12:07,152,137,15
2014-04-29 12:08,151,136,15
2014-04-29 12:09,150,135,15
2014-04-29 12:10,149,134,15
2014-04-29 12:11,148,133,15
2014-04-29 12:12,147,132,15
2014-04-29 12:13,146,131,15
2014-04-29 12:14,146,130,16
2014-04-29 12:15,145,129,16
2014-04-29 12:16,144,128,16
2014-04-29 12:17,143,127,16
2014-04-29 12:18,142,127,15
2014-04-29 12:19,141,126,15
2014-04-29 12:20,140,125,15
2014-04-29 12:21,139,124,15
2014-04-29 12:22,138,123,15
2014-04-29 12:23,137,122,15
2014-04-29 12:24,136,121,15
2014-04-29 12:25,135,121,14
2014-04-29 12:26,134,120,14
2014-04-29 12:27,133,119,14
2014-04-29 12:28,132,118,14
2014-04-29 12:29,131,117,14
2014-04-29 12:30,130,117,13
2014-04-29 12:31,130,116,14
2014-04-29 12:32,129,115,14
2014-04-29 12:33,128,115,13
2014-04-29 12:34,127,114,13
2014-04-29 12:35,126,113,13
2014-04-29 12:36,126,112,14
2014-04-29 12:37,125,112,13
2014-04-29 12:38,124,111,13
2014-04-29 12:39,122,111,11
2014-04-29 12:40,121,110,11
2014-04-29 12:41,121,109,12
2014-04-29 12:42,120,109,11
2014-04-29 12:43,119,108,11
2014-04-29 12:44,119,108,11
2014-04-29 12:45,118,107,11
2014-04-29 12:46,117,107,10
2014-04-29 12:47,116,106,10
2014-04-29 12:48,115,106,9
2014-04-29 12:49,114,105,9
2014-04-29 12:50,113,105,8
2014-04-29 12:51,113,105,8
2014-04-29 12:52,112,104,8
2014-04-29 12:53,111,104,7
2014-04-29 12:54,110,103,7
2014-04-29 12:55,109,103,6
2014-04-29 12:56,109,103,6
2014-04-29 12:57,108,102,6
2014-04-29 12:58,107,102,5
2014-04-29 12:59,105,102,3
2014-04-29 13:00,104,101,3
2014-04-29 13:01,103,101,2
2014-04-29 13:02,102,101,1
2014-04-29 13:03,101,101,0
2014-04-29 13:04,100,101,-1
2014-04-29 13:05,100,100,0
2014-04-29 13:06,99,100,-1
2014-04-29 13:07,98,100,-2
2014-04-29 13:08,98,100,-2
2014-04-29 13:09,97,100,-3
2014-04-29 13:10,96,100,-4
2014-04-29 13:11,95,100,-5
2014-04-29 13:12,95,99,-4
2014-04-29 13:13,94,99,-5
2014-04-29 13:14,94,99,-5
2014-04-29 13:15,93,99,-6
2014-04-29 13:16,93,99,-6
2014-04-29 13:17,92,99,-7
2014-04-29 13:18,91,99,-8
2014-04-29 13:19,91,99,-8
2014-04-29 13:20,90,100,-10
2014-04-29 13:21,90,100,-10
2014-04-29 13:22,89,100,-11
2014-04-29 13:23,88,100,-12
2014-04-29 13:24,88,100,-12
2014-04-29 13:25,88,100,-12
2014-04-29 13:26,87,100,-13
2014-04-29 13:27,86,101,-15
2014-04-29 13:28,86,101,-15
2014-04-29 13:29,85,101,-16
2014-04-29 13:30,85,101,-16
2014-04-29 13:31,85,101,-16
2014-04-29 13:32,84,102,-18
2014-04-29 13:33,84,102,-18
2014-04-29 13:34,84,102,-18
2014-04-29 13:35,84,103,-19
2014-04-29 13:36,84,103,-19
2014-04-29 13:37,84,103,-19
2014-04-29 13:38,84,104,-20
2014-04-29 13:39,84,104,-20
2014-04-29 13:40,85,105,-20
2014-04-29 13:41,85,105,-20
2014-04-29 13:42,86,106,-20
2014-04-29 13:43,87,106,-19
2014-04-29 13:44,88,107,-19
2014-04-29 13:45,89,107,-18
2014-04-29 13:46,90,108,-18
2014-04-29 13:47,92,108,-16
2014-04-29 13:48,94,109,-15
2014-04-29 13:49,95,110,-15
2014-04-29 13:50,98,110,-12
2014-04-29 13:51,100,111,-11
2014-04-29 13:52,102,112,-10
2014-04-29 13:53,105,112,-7
2014-04-29 13:54,107,113,-6
2014-04-29 13:55,109,114,-5
2014-04-29 13:56,111,114,-3
2014-04-29 13:57,114,115,-1
2014-04-29 13:58,116,116,0
2014-04-29 13:59,118,117,1
2014-04-29 14:00,120,118,2
2014-04-29 14:01,123,119,4
2014-04-29 14:02,125,119,6
2014-04-29 14:03,127,120,7
2014-04-29 14:04,130,121,9
2014-04-29 14:05,131,122,9
2014-04-29 14:06,134,123,11
2014-04-29 14:07,136,124,12
2014-04-29 14:08,138,125,13
2014-04-29 14:09,140,126,14
2014-04-29 14:10,142,127,15
2014-04-29 14:11,144,128,16
2014-04-29 14:12,146,129,17
2014-04-29 14:13,147,130,17
2014-04-29 14:14,150,132,18
2014-04-29 14:15,151,133,18
2014-04-29 14:16,153,134,19
2014-04-29 14:17,154,135,19
2014-04-29 14:18,156,136,20
2014-04-29 14:19,157,138,19
2014-04-29 14:20,159,139,20
2014-04-29 14:21,160,140,20
2014-04-29 14:22,162,141,21
2014-04-29 14:23,163,143,20
2014-04-29 14:24,165,144,21
2014-04-29 14:25,166,145,21
2014-04-29 14:26,168,147,21
2014-04-29 14:27,169,148,21
2014-04-29 14:28,171,150,21
2014-04-29 14:29,172,151,21
2014-04-29 14:30,173,153,20
2014-04-29 14:31,174,154,20
2014-04-29 14:32,176,156,20
2014-04-29 14:33,177,157,20
2014-04-29 14:34,177,159,18
2014-04-29 14:35,180,160,20
2014-04-29 14:36,181,162,19
2014-04-29 14:37,182,164,18
2014-04-29 14:38,183,165,18
2014-04-29 14:39,185,167,18
2014-04-29 14:40,186,169,17
2014-04-29 14:41,187,171,16
2014-04-29 14:42,188,172,16
2014-04-29 14:43,189,174,15
2014-04-29 14:44,191,176,15
2014-04-29 14:45,192,178,14
2014-04-29 14:46,194,180,14
2014-04-29 14:47,195,181,14
2014-04-29 14:48,196,183,13
2014-04-29 14:49,197,185,12
2014-04-29 14:50,199,187,12
2014-04-29 14:51,200,189,11
2014-04-29 14:52,201,191,10
2014-04-29 14:53,203,193,10
2014-04-29 14:54,204,195,9
2014-04-29 14:55,206,197,9
2014-04-29 14:56,207,199,8
2014-04-29 14:57,208,201,7
2014-04-29 14:58,210,204,6
2014-04-29 14:59,212,206,6
2014-04-29 15:00,213,208,5
2014-04-29 15:01,215,210,5
2014-04-29 15:02,216,212,4
2014-04-29 15:03,218,214,4
2014-04-29 15:04,220,217,3
2014-04-29 15:05,222,219,3
2014-04-29 15:06,223,221,2
2014-04-29 15:07,225,224,1
2014-04-29 15:08,227,226,1
2014-04-29 15:09,229,228,1
2014-04-29 15:10,231,231,0
2014-04-29 15:11,232,233,-1
2014-04-29 15:12,234,236,-2
2014-04-29 15:13,236,238,-2
2014-04-29 15:14,238,240,-2
2014-04-29 15:15,240,243,-3
2014-04-29 15:16,242,245,-3
2014-04-29 15:17,244,248,-4
2014-04-29 15:18,246,250,-4
2014-04-29 15:19,248,253,-5
2014-04-29 15:20,250,256,-6
2014-04-29 15:21,252,258,-6
2014-04-29 15:22,254,261,-7
2014-04-29 15:23,257,263,-6
2014-04-29 15:24,258,266,-8
2014-04-29 15:25,260,269,-9
2014-04-29 15:26,263,272,-9
2014-04-29 15:27,265,274,-9
2014-04-29 15:28,267,277,-10
2014-04-29 15:29,269,280,-11
2014-04-29 15:30,271,282,-11
2014-04-29 15:31,274,285,-11
2014-04-29 15:32,276,288,-12
2014-04-29 15:33,279,291,-12
2014-04-29 15:34,281,294,-13
2014-04-29 15:35,283,297,-14
2014-04-29 15:36,286,299,-13
2014-04-29 15:37,288,302,-14
2014-04-29 15:38,291,305,-14
2014-04-29 15:39,293,308,-15
2014-04-29 15:40,297,311,-14
2014-04-29 15:41,299,314,-15
2014-04-29 15:42,303,317,-14
2014-04-29 15:43,306,320,-14
2014-04-29 15:44,309,323,-14
2014-04-29 15:45,312,326,-14
2014-04-29 15:46,315,329,-14
2014-04-29 15:47,318,332,-14
2014-04-29 15:48,321,335,-14
2014-04-29 15:49,324,338,-14
2014-04-29 15:50,327,341,-14
2014-04-29 15:51,330,344,-14
2014-04-29 15:52,333,347,-14
2014-04-29 15:53,336,350,-14
2014-04-29 15:54,340,353,-13
2014-04-29 15:55,343,356,-13
2014-04-29 15:56,346,359,-13
2014-04-29 15:57,349,363,-14
2014-04-29 15:58,352,366,-14
2014-04-29 15:59,355,369,-14
2014-04-29 16:00,358,372,-14
2014-04-29 16:01,361,375,-14
2014-04-29 16:02,364,378,-14
2014-04-29 16:03,367,381,-14
2014-04-29 16:04,369,385,-16
2014-04-29 16:05,373,388,-15
2014-04-29 16:06,375,391,-16
2014-04-29 16:07,378,394,-16
2014-04-29 16:08,380,397,-17
2014-04-29 16:09,383,400,-17
2014-04-29 16:10,386,404,-18
2014-04-29 16:11,389,407,-18
2014-04-29 16:12,392,410,-18
2014-04-29 16:13,394,413,-19
2014-04-29 16:14,397,416,-19
2014-04-29 16:15,400,419,-19
2014-04-29 16:16,402,423,-21
2014-04-29 16:17,406,426,-20
2014-04-29 16:18,409,429,-20
2014-04-29 16:19,411,432,-21
2014-04-29 16:20,414,435,-21
2014-04-29 16:21,417,438,-21
2014-04-29 16:22,420,442,-22
2014-04-29 16:23,423,445,-22
2014-04-29 16:24,426,448,-22
2014-04-29 16:25,429,451,-22
2014-04-29 16:26,432,454,-22
2014-04-29 16:27,435,457,-22
2014-04-29 16:28,437,460,-23
2014-04-29 16:29,441,463,-22
2014-04-29 16:30,444,467,-23
2014-04-29 16:31,447,470,-23
2014-04-29 16:32,450,473,-23
2014-04-29 16:33,453,476,-23
2014-04-29 16:34,455,479,-24
2014-04-29 16:35,458,482,-24
2014-04-29 16:36,462,485,-23
2014-04-29 16:37,465,488,-23
2014-04-29 16:38,468,491,-23
2014-04-29 16:39,470,494,-24
2014-04-29 16:40,473,497,-24
2014-04-29 16:41,476,500,-24
2014-04-29 16:42,479,503,-24
2014-04-29 16:43,482,506,-24
2014-04-29 16:44,484,509,-25
2014-04-29 16:45,488,512,-24
2014-04-29 16:46,490,515,-25
2014-04-29 16:47,493,517,-24
2014-04-29 16:48,496,520,-24
2014-04-29 16:49,498,523,-25
2014-04-29 16:50,501,526,-25
2014-04-29 16:51,502,529,-27
2014-04-29 16:52,505,531,-26
2014-04-29 16:53,508,534,-26
2014-04-29 16:54,511,537,-26
2014-04-29 16:55,513,540,-27
2014-04-29 16:56,516,542,-26
2014-04-29 16:57,518,545,-27
2014-04-29 16:58,520,548,-28
2014-04-29 16:59,523,550,-27
2014-04-29 17:00,525,553,-28
2014-04-29 17:01,528,555,-27
2014-04-29 17:02,530,558,-28
2014-04-29 17:03,533,561,-28
2014-04-29 17:04,535,563,-28
2014-04-29 17:05,538,566,-28
2014-04-29 17:06,540,568,-28
2014-04-29 17:07,543,570,-27
2014-04-29 17:08,546,573,-27
2014-04-29 17:09,548,575,-27
2014-04-29 17:10,550,577,-27
2014-04-29 17:11,552,580,-28
2014-04-29 17:12,554,582,-28
2014-04-29 17:13,557,584,-27
2014-04-29 17:14,558,586,-28
2014-04-29 17:15,561,589,-28
2014-04-29 17:16,563,591,-28
2014-04-29 17:17,566,593,-27
2014-04-29 17:18,568,595,-27
2014-04-29 17:19,570,597,-27
2014-04-29 17:20,572,599,-27
2014-04-29 17:21,575,601,-26
2014-04-29 17:22,577,603,-26
2014-04-29 17:23,579,605,-26
2014-04-29 17:24,582,607,-25
2014-04-29 17:25,584,609,-25
2014-04-29 17:26,586,610,-24
2014-04-29 17:27,587,612,-25
2014-04-29 17:28,590,614,-24
2014-04-29 17:29,592,616,-24
2014-04-29 17:30,594,617,-23
2014-04-29 17:31,596,619,-23
2014-04-29 17:32,598,621,-23
2014-04-29 17:33,600,622,-22
2014-04-29 17:34,602,624,-22
2014-04-29 17:35,604,625,-21
2014-04-29 17:36,605,627,-22
2014-04-29 17:37,607,628,-21
2014-04-29 17:38,608,629,-21
2014-04-29 17:39,610,631,-21
2014-04-29 17:40,611,632,-21
2014-04-29 17:41,613,633,-20
2014-04-29 17:42,614,634,-20
2014-04-29 17:43,616,636,-20
2014-04-29 17:44,617,637,-20
2014-04-29 17:45,618,638,-20
2014-04-29 17:46,619,639,-20
2014-04-29 17:47,620,640,-20
2014-04-29 17:48,621,641,-20
2014-04-29 17:49,622,642,-20
2014-04-29 17:50,624,643,-19
2014-04-29 17:51,625,644,-19
2014-04-29 17:52,626,644,-18
2014-04-29 17:53,627,645,-18
2014-04-29 17:54,629,646,-17
2014-04-29 17:55,630,647,-17
2014-04-29 17:56,631,647,-16
2014-04-29 17:57,632,648,-16
2014-04-29 17:58,632,649,-17
2014-04-29 17:59,634,649,-15
2014-04-29 18:00,634,650,-16
2014-04-29 18:01,635,650,-15
2014-04-29 18:02,636,651,-15
2014-04-29 18:03,636,651,-15
2014-04-29 18:04,637,651,-14
2014-04-29 18:05,637,652,-15
2014-04-29 18:06,638,652,-14
2014-04-29 18:07,638,652,-14
2014-04-29 18:08,639,652,-13
2014-04-29 18:09,639,652,-13
2014-04-29 18:10,640,652,-12
2014-04-29 18:11,640,653,-13
2014-04-29 18:12,640,653,-13
2014-04-29 18:13,640,653,-13
2014-04-29 18:14,641,653,-12
2014-04-29 18:15,641,652,-11
2014-04-29 18:16,640,652,-12
2014-04-29 18:17,641,652,-11
2014-04-29 18:18,640,652,-12
2014-04-29 18:19,640,652,-12
2014-04-29 18:20,640,651,-11
2014-04-29 18:21,640,651,-11
2014-04-29 18:22,640,651,-11
2014-04-29 18:23,640,650,-10
2014-04-29 18:24,639,650,-11
2014-04-29 18:25,639,650,-11
2014-04-29 18:26,638,649,-11
2014-04-29 18:27,638,649,-11
2014-04-29 18:28,637,648,-11
2014-04-29 18:29,637,647,-10
2014-04-29 18:30,636,647,-11
2014-04-29 18:31,635,646,-11
2014-04-29 18:32,635,645,-10
2014-04-29 18:33,634,645,-11
2014-04-29 18:34,633,644,-11
2014-04-29 18:35,632,643,-11
2014-04-29 18:36,631,642,-11
2014-04-29 18:37,630,641,-11
2014-04-29 18:38,629,641,-12
2014-04-29 18:39,628,640,-12
2014-04-29 18:40,627,639,-12
2014-04-29 18:41,626,638,-12
2014-04-29 18:42,625,637,-12
2014-04-29 18:43,624,636,-12
2014-04-29 18:44,623,635,-12
2014-04-29 18:45,622,633,-11
2014-04-29 18:46,621,632,-11
2014-04-29 18:47,620,631,-11
2014-04-29 18:48,618,630,-12
2014-04-29 18:49,617,629,-12
2014-04-29 18:50,615,628,-13
2014-04-29 18:51,614,626,-12
2014-04-29 18:52,613,625,-12
2014-04-29 18:53,612,624,-12
2014-04-29 18:54,610,622,-12
2014-04-29 18:55,609,621,-12
2014-04-29 18:56,608,620,-12
2014-04-29 18:57,607,618,-11
2014-04-29 18:58,605,617,-12
2014-04-29 18:59,604,615,-11
2014-04-29 19:00,602,614,-12
2014-04-29 19:01,601,612,-11
2014-04-29 19:02,599,611,-12
2014-04-29 19:03,597,609,-12
2014-04-29 19:04,596,608,-12
2014-04-29 19:05,595,606,-11
2014-04-29 19:06,593,604,-11
2014-04-29 19:07,592,603,-11
2014-04-29 19:08,590,601,-11
2014-04-29 19:09,588,599,-11
2014-04-29 19:10,587,598,-11
2014-04-29 19:11,586,596,-10
2014-04-29 19:12,583,594,-11
2014-04-29 19:13,582,593,-11
2014-04-29 19:14,580,591,-11
2014-04-29 19:15,579,589,-10
2014-04-29 19:16,578,587,-9
2014-04-29 19:17,576,585,-9
2014-04-29 19:18,574,584,-10
2014-04-29 19:19,573,582,-9
2014-04-29 19:20,571,580,-9
2014-04-29 19:21,570,578,-8
2014-04-29 19:22,568,576,-8
2014-04-29 19:23,567,574,-7
2014-04-29 19:24,565,573,-8
2014-04-29 19:25,563,571,-8
2014-04-29 19:26,562,569,-7
2014-04-29 19:27,560,567,-7
2014-04-29 19:28,559,565,-6
2014-04-29 19:29,557,563,-6
2014-04-29 19:30,555,561,-6
2014-04-29 19:31,554,559,-5
2014-04-29 19:32,552,557,-5
2014-04-29 19:33,550,555,-5
2014-04-29 19:34,549,553,-4
2014-04-29 19:35,547,551,-4
2014-04-29 19:36,545,549,-4
2014-04-29 19:37,543,547,-4
2014-04-29 19:38,542,545,-3
2014-04-29 19:39,540,543,-3
2014-04-29 19:40,539,541,-2
2014-04-29 19:41,537,539,-2
2014-04-29 19:42,535,537,-2
2014-04-29 19:43,533,535,-2
2014-04-29 19:44,531,533,-2
2014-04-29 19:45,529,531,-2
2014-04-29 19:46,528,529,-1
2014-04-29 19:47,526,527,-1
2014-04-29 19:48,524,525,-1
2014-04-29 19:49,522,523,-1
2014-04-29 19:50,521,521,0
2014-04-29 19:51,518,519,-1
2014-04-29 19:52,517,517,0
2014-04-29 19:53,515,515,0
2014-04-29 19:54,513,513,0
2014-04-29 19:55,511,511,0
2014-04-29 19:56,509,509,0
2014-04-29 19:57,507,507,0
2014-04-29 19:58,505,505,0
2014-04-29 19:59,503,503,0
2014-04-29 20:00,501,501,0
2014-04-29 20:01,500,499,1
2014-04-29 20:02,498,497,1
2014-04-29 20:03,496,495,1
2014-04-29 20:04,494,494,0
2014-04-29 20:05,492,492,0
2014-04-29 20:06,490,490,0
2014-04-29 20:07,489,488,1
2014-04-29 20:08,487,486,1
2014-04-29 20:09,485,484,1
2014-04-29 20:10,483,482,1
2014-04-29 20:11,481,480,1
2014-04-29 20:12,479,478,1
2014-04-29 20:13,477,476,1
2014-04-29 20:14,475,474,1
2014-04-29 20:15,474,472,2
2014-04-29 20:16,471,470,1
2014-04-29 20:17,469,469,0
2014-04-29 20:18,467,467,0
2014-04-29 20:19,466,465,1
2014-04-29 20:20,464,463,1
2014-04-29 20:21,462,461,1
2014-04-29 20:22,460,459,1
2014-04-29 20:23,458,457,1
2014-04-29 20:24,456,456,0
2014-04-29 20:25,454,454,0
2014-04-29 20:26,452,452,0
2014-04-29 20:27,450,450,0
2014-04-29 20:28,449,448,1
2014-04-29 20:29,447,447,0
2014-04-29 20:30,445,445,0
2014-04-29 20:31,443,443,0
2014-04-29 20:32,441,441,0
2014-04-29 20:33,439,440,-1
2014-04-29 20:34,438,438,0
2014-04-29 20:35,436,436,0
2014-04-29 20:36,434,434,0
2014-04-29 20:37,432,433,-1
2014-04-29 20:38,430,431,-1
2014-04-29 20:39,428,429,-1
2014-04-29 20:40,427,428,-1
2014-04-29 20:41,425,426,-1
2014-04-29 20:42,423,424,-1
2014-04-29 20:43,421,423,-2
2014-04-29 20:44,419,421,-2
2014-04-29 20:45,417,419,-2
2014-04-29 20:46,415,418,-3
2014-04-29 20:47,413,416,-3
2014-04-29 20:48,412,415,-3
2014-04-29 20:49,410,413,-3
2014-04-29 20:50,408,411,-3
2014-04-29 20:51,406,410,-4
2014-04-29 20:52,404,408,-4
2014-04-29 20:53,402,407,-5
2014-04-29 20:54,400,405,-5
2014-04-29 20:55,399,404,-5
2014-04-29 20:56,397,402,-5
2014-04-29 20:57,395,401,-6
2014-04-29 20:58,393,399,-6
2014-04-29 20:59,392,398,-6
2014-04-29 21:00,390,396,-6
2014-04-29 21:01,389,395,-6
2014-04-29 21:02,387,393,-6
2014-04-29 21:03,385,392,-7
2014-04-29 21:04,383,390,-7
2014-04-29 21:05,382,389,-7
2014-04-29 21:06,380,387,-7
2014-04-29 21:07,379,386,-7
2014-04-29 21:08,377,385,-8
2014-04-29 21:09,375,383,-8
2014-04-29 21:10,373,382,-9
2014-04-29 21:11,372,380,-8
2014-04-29 21:12,370,379,-9
2014-04-29 21:13,369,377,-8
2014-04-29 21:14,367,376,-9
2014-04-29 21:15,365,375,-10
2014-04-29 21:16,363,373,-10
2014-04-29 21:17,362,372,-10
2014-04-29 21:18,360,371,-11
2014-04-29 21:19,359,369,-10
2014-04-29 21:20,357,368,-11
2014-04-29 21:21,355,367,-12
2014-04-29 21:22,354,365,-11
2014-04-29 21:23,352,364,-12
2014-04-29 21:24,351,363,-12
2014-04-29 21:25,349,361,-12
2014-04-29 21:26,347,360,-13
2014-04-29 21:27,346,359,-13
2014-04-29 21:28,344,357,-13
2014-04-29 21:29,342,356,-14
2014-04-29 21:30,341,355,-14
2014-04-29 21:31,340,353,-13
2014-04-29 21:32,338,352,-14
2014-04-29 21:33,337,351,-14
2014-04-29 21:34,335,349,-14
2014-04-29 21:35,334,348,-14
2014-04-29 21:36,332,347,-15
2014-04-29 21:37,331,346,-15
2014-04-29 21:38,329,344,-15
2014-04-29 21:39,327,343,-16
2014-04-29 21:40,325,342,-17
2014-04-29 21:41,324,340,-16
2014-04-29 21:42,323,339,-16
2014-04-29 21:43,321,338,-17
2014-04-29 21:44,320,337,-17
2014-04-29 21:45,318,335,-17
2014-04-29 21:46,316,334,-18
2014-04-29 21:47,315,333,-18
2014-04-29 21:48,313,331,-18
2014-04-29 21:49,312,330,-18
2014-04-29 21:50,310,329,-19
2014-04-29 21:51,309,328,-19
2014-04-29 21:52,307,326,-19
2014-04-29 21:53,306,325,-19
2014-04-29 21:54,305,324,-19
2014-04-29 21:55,303,322,-19
2014-04-29 21:56,301,321,-20
2014-04-29 21:57,300,320,-20
2014-04-29 21:58,298,319,-21
2014-04-29 21:59,297,317,-20
2014-04-29 22:00,296,316,-20
2014-04-29 22:01,294,315,-21
2014-04-29 22:02,292,313,-21
2014-04-29 22:03,291,312,-21
2014-04-29 22:04,289,311,-22
2014-04-29 22:05,288,310,-22
2014-04-29 22:06,287,308,-21
2014-04-29 22:07,285,307,-22
2014-04-29 22:08,284,306,-22
2014-04-29 22:09,283,304,-21
2014-04-29 22:10,281,303,-22
2014-04-29 22:11,280,302,-22
2014-04-29 22:12,278,300,-22
2014-04-29 22:13,277,299,-22
2014-04-29 22:14,275,298,-23
2014-04-29 22:15,273,296,-23
2014-04-29 22:16,272,295,-23
2014-04-29 22:17,271,294,-23
2014-04-29 22:18,269,292,-23
2014-04-29 22:19,268,291,-23
2014-04-29 22:20,267,290,-23
2014-04-29 22:21,265,288,-23
2014-04-29 22:22,264,287,-23
2014-04-29 22:23,263,286,-23
2014-04-29 22:24,262,284,-22
2014-04-29 22:25,261,283,-22
2014-04-29 22:26,259,282,-23
2014-04-29 22:27,258,280,-22
2014-04-29 22:28,257,279,-22
2014-04-29 22:29,256,277,-21
2014-04-29 22:30,254,276,-22
2014-04-29 22:31,253,275,-22
2014-04-29 22:32,251,273,-22
2014-04-29 22:33,250,272,-22
2014-04-29 22:34,249,270,-21
2014-04-29 22:35,247,269,-22
2014-04-29 22:36,246,268,-22
2014-04-29 22:37,245,266,-21
2014-04-29 22:38,244,265,-21
2014-04-29 22:39,242,263,-21
2014-04-29 22:40,241,262,-21
2014-04-29 22:41,240,261,-21
2014-04-29 22:42,238,259,-21
2014-04-29 22:43,237,258,-21
2014-04-29 22:44,236,256,-20
2014-04-29 22:45,235,255,-20
2014-04-29 22:46,233,253,-20
2014-04-29 22:47,232,252,-20
2014-04-29 22:48,231,250,-19
2014-04-29 22:49,230,249,-19
2014-04-29 22:50,228,247,-19
2014-04-29 22:51,227,246,-19
2014-04-29 22:52,226,245,-19
2014-04-29 22:53,225,243,-18
2014-04-29 22:54,224,242,-18
2014-04-29 22:55,223,240,-17
2014-04-29 22:56,222,239,-17
2014-04-29 22:57,221,237,-16
2014-04-29 22:58,219,236,-17
2014-04-29 22:59,218,234,-16
2014-04-29 23:00,217,233,-16
2014-04-29 23:01,216,231,-15
2014-04-29 23:02,215,230,-15
2014-04-29 23:03,214,228,-14
2014-04-29 23:04,213,227,-14
2014-04-29 23:05,211,225,-14
2014-04-29 23:06,210,224,-14
2014-04-29 23:07,209,222,-13
2014-04-29 23:08,208,221,-13
2014-04-29 23:09,207,219,-12
2014-04-29 23:10,206,218,-12
2014-04-29 23:11,204,216,-12
2014-04-29 23:12,203,215,-12
2014-04-29 23:13,202,213,-11
2014-04-29 23:14,201,212,-11
2014-04-29 23:15,200,210,-10
2014-04-29 23:16,199,209,-10
2014-04-29 23:17,197,207,-10
2014-04-29 23:18,196,206,-10
2014-04-29 23:19,196,204,-8
2014-04-29 23:20,195,203,-8
2014-04-29 23:21,194,201,-7
2014-04-29 23:22,193,200,-7
2014-04-29 23:23,192,198,-6
2014-04-29 23:24,190,197,-7
2014-04-29 23:25,189,195,-6
2014-04-29 23:26,188,194,-6
2014-04-29 23:27,187,192,-5
2014-04-29 23:28,186,191,-5
2014-04-29 23:29,185,189,-4
2014-04-29 23:30,184,188,-4
2014-04-29 23:31,183,186,-3
2014-04-29 23:32,182,185,-3
2014-04-29 23:33,181,183,-2
2014-04-29 23:34,179,182,-3
2014-04-29 23:35,178,180,-2
2014-04-29 23:36,177,179,-2
2014-04-29 23:37,176,177,-1
2014-04-29 23:38,175,176,-1
2014-04-29 23:39,174,175,-1
2014-04-29 23:40,173,173,0
2014-04-29 23:41,172,172,0
2014-04-29 23:42,171,170,1
2014-04-29 23:43,170,169,1
2014-04-29 23:44,169,167,2
2014-04-29 23:45,168,166,2
2014-04-29 23:46,167,164,3
2014-04-29 23:47,166,163,3
2014-04-29 23:48,165,162,3
2014-04-29 23:49,164,160,4
2014-04-29 23:50,163,159,4
2014-04-29 23:51,161,157,4
2014-04-29 23:52,160,156,4
2014-04-29 23:53,158,155,3
2014-04-29 23:54,157,153,4
2014-04-29 23:55,157,152,5
2014-04-29 23:56,156,151,5
2014-04-29 23:57,155,149,6
2014-04-29 23:58,153,148,5
2014-04-29 23:59,153,147,6
2014-04-30 0:00,151,145,6
2014-04-30 0:01,150,144,6
2014-04-30 0:02,149,143,6
2014-04-30 0:03,149,141,8
2014-04-30 0:04,147,140,7
2014-04-30 0:05,147,139,8
2014-04-30 0:06,146,138,8
2014-04-30 0:07,145,136,9
2014-04-30 0:08,144,135,9
2014-04-30 0:09,143,134,9
2014-04-30 0:10,142,133,9
2014-04-30 0:11,141,131,10
2014-04-30 0:12,140,130,10
2014-04-30 0:13,139,129,10
2014-04-30 0:14,138,128,10
2014-04-30 0:15,137,127,10
2014-04-30 0:16,136,126,10
2014-04-30 0:17,135,124,11
2014-04-30 0:18,134,123,11
2014-04-30 0:19,133,122,11
2014-04-30 0:20,132,121,11
2014-04-30 0:21,131,120,11
2014-04-30 0:22,130,119,11
2014-04-30 0:23,129,118,11
2014-04-30 0:24,128,117,11
2014-04-30 0:25,127,116,11
2014-04-30 0:26,126,115,11
2014-04-30 0:27,125,114,11
2014-04-30 0:28,124,113,11
2014-04-30 0:29,124,112,12
2014-04-30 0:30,123,111,12
2014-04-30 0:31,122,110,12
2014-04-30 0:32,120,109,11
2014-04-30 0:33,119,108,11
2014-04-30 0:34,118,107,11
2014-04-30 0:35,117,106,11
2014-04-30 0:36,117,105,12
2014-04-30 0:37,116,104,12
2014-04-30 0:38,115,103,12
2014-04-30 0:39,114,102,12
2014-04-30 0:40,113,101,12
2014-04-30 0:41,112,101,11
2014-04-30 0:42,111,100,11
2014-04-30 0:43,110,99,11
2014-04-30 0:44,110,98,12
2014-04-30 0:45,109,97,12
2014-04-30 0:46,108,97,11
2014-04-30 0:47,107,96,11
2014-04-30 0:48,106,95,11
2014-04-30 0:49,106,94,12
2014-04-30 0:50,105,94,11
2014-04-30 0:51,103,93,10
2014-04-30 0:52,102,92,10
2014-04-30 0:53,102,92,10
2014-04-30 0:54,101,91,10
2014-04-30 0:55,100,91,9
2014-04-30 0:56,99,90,9
2014-04-30 0:57,98,89,9
2014-04-30 0:58,98,89,9
2014-04-30 0:59,97,88,9
2014-04-30 1:00,96,88,8
2014-04-30 1:01,95,87,8
2014-04-30 1:02,94,87,7
2014-04-30 1:03,94,86,8
2014-04-30 1:04,93,86,7
2014-04-30 1:05,92,85,7
2014-04-30 1:06,91,85,6
2014-04-30 1:07,91,84,7
2014-04-30 1:08,90,84,6
2014-04-30 1:09,89,84,5
2014-04-30 1:10,88,83,5
2014-04-30 1:11,87,83,4
2014-04-30 1:12,86,83,3
2014-04-30 1:13,86,82,4
2014-04-30 1:14,85,82,3
2014-04-30 1:15,84,82,2
2014-04-30 1:16,83,81,2
2014-04-30 1:17,83,81,2
2014-04-30 1:18,82,81,1
2014-04-30 1:19,81,81,0
2014-04-30 1:20,80,81,-1
2014-04-30 1:21,79,80,-1
2014-04-30 1:22,78,80,-2
2014-04-30 1:23,77,80,-3
2014-04-30 1:24,77,80,-3
2014-04-30 1:25,76,80,-4
2014-04-30 1:26,75,80,-5
2014-04-30 1:27,75,80,-5
2014-04-30 1:28,74,80,-6
2014-04-30 1:29,73,80,-7
2014-04-30 1:30,73,80,-7
2014-04-30 1:31,72,80,-8
2014-04-30 1:32,71,80,-9
2014-04-30 1:33,70,80,-10
2014-04-30 1:34,70,80,-10
2014-04-30 1:35,69,80,-11
2014-04-30 1:36,69,80,-11
2014-04-30 1:37,68,80,-12
2014-04-30 1:38,67,80,-13
2014-04-30 1:39,67,81,-14
2014-04-30 1:40,66,81,-15
2014-04-30 1:41,65,81,-16
2014-04-30 1:42,65,81,-16
2014-04-30 1:43,64,81,-17
2014-04-30 1:44,64,82,-18
2014-04-30 1:45,63,82,-19
2014-04-30 1:46,63,82,-19
2014-04-30 1:47,63,83,-20
2014-04-30 1:48,62,83,-21
2014-04-30 1:49,62,83,-21
2014-04-30 1:50,62,84,-22
2014-04-30 1:51,61,84,-23
2014-04-30 1:52,62,84,-22
2014-04-30 1:53,61,85,-24
2014-04-30 1:54,61,85,-24
2014-04-30 1:55,62,86,-24
2014-04-30 1:56,62,86,-24
2014-04-30 1:57,62,87,-25
2014-04-30 1:58,63,87,-24
2014-04-30 1:59,64,88,-24
2014-04-30 2:00,64,89,-25
2014-04-30 2:01,65,89,-24
2014-04-30 2:02,66,90,-24
2014-04-30 2:03,68,91,-23
2014-04-30 2:04,69,91,-22
2014-04-30 2:05,71,92,-21
2014-04-30 2:06,73,93,-20
2014-04-30 2:07,76,93,-17
2014-04-30 2:08,78,94,-16
2014-04-30 2:09,80,95,-15
2014-04-30 2:10,83,96,-13
2014-04-30 2:11,86,97,-11
2014-04-30 2:12,88,97,-9
2014-04-30 2:13,91,98,-7
2014-04-30 2:14,93,99,-6
2014-04-30 2:15,95,100,-5
2014-04-30 2:16,98,101,-3
2014-04-30 2:17,100,102,-2
2014-04-30 2:18,102,103,-1
2014-04-30 2:19,104,104,0
2014-04-30 2:20,105,105,0
2014-04-30 2:21,108,106,2
2014-04-30 2:22,109,107,2
2014-04-30 2:23,111,108,3
2014-04-30 2:24,113,109,4
2014-04-30 2:25,114,110,4
2014-04-30 2:26,116,112,4
2014-04-30 2:27,118,113,5
2014-04-30 2:28,120,114,6
2014-04-30 2:29,122,115,7
2014-04-30 2:30,124,117,7
2014-04-30 2:31,126,118,8
2014-04-30 2:32,128,119,9
2014-04-30 2:33,130,120,10
2014-04-30 2:34,131,122,9
2014-04-30 2:35,133,123,10
2014-04-30 2:36,134,125,9
2014-04-30 2:37,136,126,10
2014-04-30 2:38,137,127,10
2014-04-30 2:39,139,129,10
2014-04-30 2:40,141,130,11
2014-04-30 2:41,142,132,10
2014-04-30 2:42,144,133,11
2014-04-30 2:43,145,135,10
2014-04-30 2:44,147,137,10
2014-04-30 2:45,148,138,10
2014-04-30 2:46,150,140,10
2014-04-30 2:47,151,141,10
2014-04-30 2:48,153,143,10
2014-04-30 2:49,154,145,9
2014-04-30 2:50,156,147,9
2014-04-30 2:51,157,148,9
2014-04-30 2:52,159,150,9
2014-04-30 2:53,160,152,8
2014-04-30 2:54,161,154,7
2014-04-30 2:55,163,156,7
2014-04-30 2:56,164,158,6
2014-04-30 2:57,165,159,6
2014-04-30 2:58,167,161,6
2014-04-30 2:59,168,163,5
2014-04-30 3:00,169,165,4
2014-04-30 3:01,170,167,3
2014-04-30 3:02,172,169,3
2014-04-30 3:03,173,171,2
2014-04-30 3:04,175,173,2
2014-04-30 3:05,176,176,0
2014-04-30 3:06,178,178,0
2014-04-30 3:07,179,180,-1
2014-04-30 3:08,181,182,-1
2014-04-30 3:09,182,184,-2
2014-04-30 3:10,184,186,-2
2014-04-30 3:11,186,189,-3
2014-04-30 3:12,188,191,-3
2014-04-30 3:13,189,193,-4
2014-04-30 3:14,191,196,-5
2014-04-30 3:15,192,198,-6
2014-04-30 3:16,194,200,-6
2014-04-30 3:17,196,203,-7
2014-04-30 3:18,198,205,-7
2014-04-30 3:19,200,208,-8
2014-04-30 3:20,202,210,-8
2014-04-30 3:21,204,213,-9
2014-04-30 3:22,206,215,-9
2014-04-30 3:23,208,218,-10
2014-04-30 3:24,210,220,-10
2014-04-30 3:25,212,223,-11
2014-04-30 3:26,213,225,-12
2014-04-30 3:27,216,228,-12
2014-04-30 3:28,218,231,-13
2014-04-30 3:29,220,233,-13
2014-04-30 3:30,223,236,-13
2014-04-30 3:31,225,239,-14
2014-04-30 3:32,227,241,-14
2014-04-30 3:33,229,244,-15
2014-04-30 3:34,231,247,-16
2014-04-30 3:35,233,250,-17
2014-04-30 3:36,236,253,-17
2014-04-30 3:37,238,255,-17
2014-04-30 3:38,241,258,-17
2014-04-30 3:39,243,261,-18
2014-04-30 3:40,245,264,-19
2014-04-30 3:41,248,267,-19
2014-04-30 3:42,250,270,-20
2014-04-30 3:43,253,273,-20
2014-04-30 3:44,255,276,-21
2014-04-30 3:45,258,279,-21
2014-04-30 3:46,260,282,-22
2014-04-30 3:47,263,285,-22
2014-04-30 3:48,265,288,-23
2014-04-30 3:49,268,291,-23
2014-04-30 3:50,271,294,-23
2014-04-30 3:51,274,297,-23
2014-04-30 3:52,277,300,-23
2014-04-30 3:53,279,304,-25
2014-04-30 3:54,282,307,-25
2014-04-30 3:55,284,310,-26
2014-04-30 3:56,287,313,-26
2014-04-30 3:57,290,316,-26
2014-04-30 3:58,293,320,-27
2014-04-30 3:59,297,323,-26
2014-04-30 4:00,300,326,-26
2014-04-30 4:01,303,329,-26
2014-04-30 4:02,306,333,-27
2014-04-30 4:03,310,336,-26
2014-04-30 4:04,313,339,-26
2014-04-30 4:05,317,343,-26
2014-04-30 4:06,320,346,-26
2014-04-30 4:07,323,349,-26
2014-04-30 4:08,326,353,-27
2014-04-30 4:09,330,356,-26
2014-04-30 4:10,333,360,-27
2014-04-30 4:11,337,363,-26
2014-04-30 4:12,340,366,-26
2014-04-30 4:13,344,370,-26
2014-04-30 4:14,347,373,-26
2014-04-30 4:15,351,377,-26
2014-04-30 4:16,354,380,-26
2014-04-30 4:17,358,384,-26
2014-04-30 4:18,361,387,-26
2014-04-30 4:19,365,390,-25
2014-04-30 4:20,368,394,-26
2014-04-30 4:21,372,397,-25
2014-04-30 4:22,375,401,-26
2014-04-30 4:23,378,404,-26
2014-04-30 4:24,381,408,-27
2014-04-30 4:25,384,411,-27
2014-04-30 4:26,388,415,-27
2014-04-30 4:27,391,418,-27
2014-04-30 4:28,394,422,-28
2014-04-30 4:29,397,425,-28
2014-04-30 4:30,400,429,-29
2014-04-30 4:31,404,432,-28
2014-04-30 4:32,407,436,-29
2014-04-30 4:33,410,439,-29
2014-04-30 4:34,413,443,-30
2014-04-30 4:35,417,447,-30
2014-04-30 4:36,420,450,-30
2014-04-30 4:37,423,454,-31
2014-04-30 4:38,426,457,-31
2014-04-30 4:39,429,461,-32
2014-04-30 4:40,432,464,-32
2014-04-30 4:41,436,468,-32
2014-04-30 4:42,439,471,-32
2014-04-30 4:43,442,475,-33
2014-04-30 4:44,446,478,-32
2014-04-30 4:45,449,481,-32
2014-04-30 4:46,452,485,-33
2014-04-30 4:47,455,488,-33
2014-04-30 4:48,459,492,-33
2014-04-30 4:49,463,495,-32
2014-04-30 4:50,466,499,-33
2014-04-30 4:51,469,502,-33
2014-04-30 4:52,472,506,-34
2014-04-30 4:53,475,509,-34
2014-04-30 4:54,479,512,-33
2014-04-30 4:55,483,516,-33
2014-04-30 4:56,486,519,-33
2014-04-30 4:57,489,522,-33
2014-04-30 4:58,492,526,-34
2014-04-30 4:59,496,529,-33
2014-04-30 5:00,499,532,-33
2014-04-30 5:01,503,536,-33
2014-04-30 5:02,506,539,-33
2014-04-30 5:03,510,542,-32
2014-04-30 5:04,513,545,-32
2014-04-30 5:05,517,549,-32
2014-04-30 5:06,521,552,-31
2014-04-30 5:07,524,555,-31
2014-04-30 5:08,527,558,-31
2014-04-30 5:09,531,561,-30
2014-04-30 5:10,534,564,-30
2014-04-30 5:11,537,568,-31
2014-04-30 5:12,541,571,-30
2014-04-30 5:13,544,574,-30
2014-04-30 5:14,547,577,-30
2014-04-30 5:15,550,580,-30
2014-04-30 5:16,553,583,-30
2014-04-30 5:17,556,586,-30
2014-04-30 5:18,559,589,-30
2014-04-30 5:19,563,592,-29
2014-04-30 5:20,566,594,-28
2014-04-30 5:21,569,597,-28
2014-04-30 5:22,572,600,-28
2014-04-30 5:23,575,603,-28
2014-04-30 5:24,578,606,-28
2014-04-30 5:25,581,608,-27
2014-04-30 5:26,584,611,-27
2014-04-30 5:27,586,614,-28
2014-04-30 5:28,589,617,-28
2014-04-30 5:29,592,619,-27
2014-04-30 5:30,595,622,-27
2014-04-30 5:31,597,624,-27
2014-04-30 5:32,600,627,-27
2014-04-30 5:33,603,629,-26
2014-04-30 5:34,606,632,-26
2014-04-30 5:35,609,634,-25
2014-04-30 5:36,611,637,-26
2014-04-30 5:37,614,639,-25
2014-04-30 5:38,616,641,-25
2014-04-30 5:39,618,644,-26
2014-04-30 5:40,621,646,-25
2014-04-30 5:41,624,648,-24
2014-04-30 5:42,626,650,-24
2014-04-30 5:43,629,652,-23
2014-04-30 5:44,632,655,-23
2014-04-30 5:45,634,657,-23
2014-04-30 5:46,637,659,-22
2014-04-30 5:47,640,661,-21
2014-04-30 5:48,643,663,-20
2014-04-30 5:49,646,665,-19
2014-04-30 5:50,648,666,-18
2014-04-30 5:51,651,668,-17
2014-04-30 5:52,654,670,-16
2014-04-30 5:53,656,672,-16
2014-04-30 5:54,658,674,-16
2014-04-30 5:55,660,675,-15
2014-04-30 5:56,662,677,-15
2014-04-30 5:57,664,679,-15
2014-04-30 5:58,667,680,-13
2014-04-30 5:59,668,682,-14
2014-04-30 6:00,670,683,-13
2014-04-30 6:01,672,685,-13
2014-04-30 6:02,674,686,-12
2014-04-30 6:03,675,687,-12
2014-04-30 6:04,676,689,-13
2014-04-30 6:05,678,690,-12
2014-04-30 6:06,679,691,-12
2014-04-30 6:07,681,692,-11
2014-04-30 6:08,682,694,-12
2014-04-30 6:09,684,695,-11
2014-04-30 6:10,686,696,-10
2014-04-30 6:11,687,697,-10
2014-04-30 6:12,688,698,-10
2014-04-30 6:13,689,699,-10
2014-04-30 6:14,691,700,-9
2014-04-30 6:15,692,701,-9
2014-04-30 6:16,693,701,-8
2014-04-30 6:17,694,702,-8
2014-04-30 6:18,695,703,-8
2014-04-30 6:19,695,704,-9
2014-04-30 6:20,696,704,-8
2014-04-30 6:21,697,705,-8
2014-04-30 6:22,698,705,-7
2014-04-30 6:23,699,706,-7
2014-04-30 6:24,699,706,-7
2014-04-30 6:25,700,707,-7
2014-04-30 6:26,700,707,-7
2014-04-30 6:27,701,708,-7
2014-04-30 6:28,702,708,-6
2014-04-30 6:29,703,708,-5
2014-04-30 6:30,703,708,-5
2014-04-30 6:31,704,709,-5
2014-04-30 6:32,704,709,-5
2014-04-30 6:33,705,709,-4
2014-04-30 6:34,705,709,-4
2014-04-30 6:35,704,709,-5
2014-04-30 6:36,704,709,-5
2014-04-30 6:37,705,709,-4
2014-04-30 6:38,705,709,-4
2014-04-30 6:39,704,708,-4
2014-04-30 6:40,704,708,-4
2014-04-30 6:41,704,708,-4
2014-04-30 6:42,704,708,-4
2014-04-30 6:43,704,707,-3
2014-04-30 6:44,704,707,-3
2014-04-30 6:45,703,707,-4
2014-04-30 6:46,703,706,-3
2014-04-30 6:47,703,706,-3
2014-04-30 6:48,702,705,-3
2014-04-30 6:49,702,705,-3
2014-04-30 6:50,701,704,-3
2014-04-30 6:51,701,704,-3
2014-04-30 6:52,701,703,-2
2014-04-30 6:53,700,702,-2
2014-04-30 6:54,700,702,-2
2014-04-30 6:55,700,701,-1
2014-04-30 6:56,699,700,-1
2014-04-30 6:57,697,699,-2
2014-04-30 6:58,697,698,-1
2014-04-30 6:59,696,697,-1
2014-04-30 7:00,695,697,-2
2014-04-30 7:01,693,696,-3
2014-04-30 7:02,692,695,-3
2014-04-30 7:03,691,694,-3
2014-04-30 7:04,690,693,-3
2014-04-30 7:05,688,691,-3
2014-04-30 7:06,687,690,-3
2014-04-30 7:07,686,689,-3
2014-04-30 7:08,684,688,-4
2014-04-30 7:09,683,687,-4
2014-04-30 7:10,682,686,-4
2014-04-30 7:11,680,684,-4
2014-04-30 7:12,679,683,-4
2014-04-30 7:13,678,682,-4
2014-04-30 7:14,676,680,-4
2014-04-30 7:15,675,679,-4
2014-04-30 7:16,674,678,-4
2014-04-30 7:17,672,676,-4
2014-04-30 7:18,671,675,-4
2014-04-30 7:19,670,673,-3
2014-04-30 7:20,668,672,-4
2014-04-30 7:21,667,670,-3
2014-04-30 7:22,665,669,-4
2014-04-30 7:23,664,667,-3
2014-04-30 7:24,663,665,-2
2014-04-30 7:25,662,664,-2
2014-04-30 7:26,660,662,-2
2014-04-30 7:27,658,660,-2
2014-04-30 7:28,656,659,-3
2014-04-30 7:29,654,657,-3
2014-04-30 7:30,653,655,-2
2014-04-30 7:31,651,654,-3
2014-04-30 7:32,650,652,-2
2014-04-30 7:33,648,650,-2
2014-04-30 7:34,646,648,-2
2014-04-30 7:35,645,646,-1
2014-04-30 7:36,643,645,-2
2014-04-30 7:37,642,643,-1
2014-04-30 7:38,640,641,-1
2014-04-30 7:39,638,639,-1
2014-04-30 7:40,637,637,0
2014-04-30 7:41,636,635,1
2014-04-30 7:42,634,633,1
2014-04-30 7:43,632,631,1
2014-04-30 7:44,631,629,2
2014-04-30 7:45,629,627,2
2014-04-30 7:46,627,625,2
2014-04-30 7:47,626,623,3
2014-04-30 7:48,625,621,4
2014-04-30 7:49,624,619,5
2014-04-30 7:50,622,617,5
2014-04-30 7:51,621,615,6
2014-04-30 7:52,619,613,6
2014-04-30 7:53,-,611,-
2014-04-30 7:54,-,609,-
2014-04-30 7:55,-,607,-
2014-04-30 7:56,612,605,7
2014-04-30 7:57,611,603,8
2014-04-30 7:58,609,601,8
2014-04-30 7:59,607,599,8
2014-04-30 8:00,605,597,8
2014-04-30 8:01,603,595,8
2014-04-30 8:02,601,593,8
2014-04-30 8:03,600,591,9
2014-04-30 8:04,598,588,10
2014-04-30 8:05,596,586,10
2014-04-30 8:06,594,584,10
2014-04-30 8:07,592,582,10
2014-04-30 8:08,590,580,10
2014-04-30 8:09,588,578,10
2014-04-30 8:10,586,576,10
2014-04-30 8:11,584,574,10
2014-04-30 8:12,582,572,10
2014-04-30 8:13,580,570,10
2014-04-30 8:14,578,567,11
2014-04-30 8:15,577,565,12
2014-04-30 8:16,574,563,11
2014-04-30 8:17,572,561,11
2014-04-30 8:18,570,559,11
2014-04-30 8:19,568,557,11
2014-04-30 8:20,566,555,11
2014-04-30 8:21,564,553,11
2014-04-30 8:22,562,551,11
2014-04-30 8:23,560,549,11
2014-04-30 8:24,558,546,12
2014-04-30 8:25,556,544,12
2014-04-30 8:26,554,542,12
2014-04-30 8:27,552,540,12
2014-04-30 8:28,550,538,12
2014-04-30 8:29,548,536,12
2014-04-30 8:30,546,534,12
2014-04-30 8:31,544,532,12
2014-04-30 8:32,542,530,12
2014-04-30 8:33,540,528,12
2014-04-30 8:34,538,526,12
2014-04-30 8:35,536,524,12
2014-04-30 8:36,534,522,12
2014-04-30 8:37,532,520,12
2014-04-30 8:38,530,518,12
2014-04-30 8:39,528,516,12
2014-04-30 8:40,526,514,12
2014-04-30 8:41,524,512,12
2014-04-30 8:42,523,510,13
2014-04-30 8:43,521,508,13
2014-04-30 8:44,519,506,13
2014-04-30 8:45,517,504,13
2014-04-30 8:46,514,502,12
2014-04-30 8:47,513,500,13
2014-04-30 8:48,511,499,12
2014-04-30 8:49,509,497,12
2014-04-30 8:50,507,495,12
2014-04-30 8:51,505,493,12
2014-04-30 8:52,503,491,12
2014-04-30 8:53,501,489,12
2014-04-30 8:54,499,487,12
2014-04-30 8:55,497,485,12
2014-04-30 8:56,495,484,11
2014-04-30 8:57,493,482,11
2014-04-30 8:58,491,480,11
2014-04-30 8:59,489,478,11
2014-04-30 9:00,487,476,11
2014-04-30 9:01,485,475,10
2014-04-30 9:02,483,473,10
2014-04-30 9:03,482,471,11
2014-04-30 9:04,480,469,11
2014-04-30 9:05,478,468,10
2014-04-30 9:06,476,466,10
2014-04-30 9:07,474,464,10
2014-04-30 9:08,472,462,10
2014-04-30 9:09,470,461,9
2014-04-30 9:10,468,459,9
2014-04-30 9:11,466,457,9
2014-04-30 9:12,464,456,8
2014-04-30 9:13,463,454,9
2014-04-30 9:14,461,452,9
2014-04-30 9:15,459,451,8
2014-04-30 9:16,457,449,8
2014-04-30 9:17,455,447,8
2014-04-30 9:18,453,446,7
2014-04-30 9:19,451,444,7
2014-04-30 9:20,450,443,7
2014-04-30 9:21,447,441,6
2014-04-30 9:22,446,439,7
2014-04-30 9:23,444,438,6
2014-04-30 9:24,442,436,6
2014-04-30 9:25,440,435,5
2014-04-30 9:26,438,433,5
2014-04-30 9:27,436,432,4
2014-04-30 9:28,433,430,3
2014-04-30 9:29,432,429,3
2014-04-30 9:30,430,427,3
2014-04-30 9:31,428,425,3
2014-04-30 9:32,426,424,2
2014-04-30 9:33,425,422,3
2014-04-30 9:34,423,421,2
2014-04-30 9:35,421,420,1
2014-04-30 9:36,419,418,1
2014-04-30 9:37,417,417,0
2014-04-30 9:38,416,415,1
2014-04-30 9:39,414,414,0
2014-04-30 9:40,412,412,0
2014-04-30 9:41,410,411,-1
2014-04-30 9:42,408,409,-1
2014-04-30 9:43,407,408,-1
2014-04-30 9:44,405,406,-1
2014-04-30 9:45,403,405,-2
2014-04-30 9:46,401,404,-3
2014-04-30 9:47,399,402,-3
2014-04-30 9:48,398,401,-3
2014-04-30 9:49,396,399,-3
2014-04-30 9:50,394,398,-4
2014-04-30 9:51,392,397,-5
2014-04-30 9:52,391,395,-4
2014-04-30 9:53,389,394,-5
2014-04-30 9:54,387,392,-5
2014-04-30 9:55,386,391,-5
2014-04-30 9:56,383,390,-7
2014-04-30 9:57,382,388,-6
2014-04-30 9:58,380,387,-7
2014-04-30 9:59,378,386,-8
2014-04-30 10:00,377,384,-7
2014-04-30 10:01,375,383,-8
2014-04-30 10:02,374,382,-8
2014-04-30 10:03,372,380,-8
2014-04-30 10:04,370,379,-9
2014-04-30 10:05,369,377,-8
2014-04-30 10:06,366,376,-10
2014-04-30 10:07,365,375,-10
2014-04-30 10:08,363,373,-10
2014-04-30 10:09,361,372,-11
2014-04-30 10:10,360,371,-11
2014-04-30 10:11,358,369,-11
2014-04-30 10:12,356,368,-12
2014-04-30 10:13,355,367,-12
2014-04-30 10:14,353,365,-12
2014-04-30 10:15,352,364,-12
2014-04-30 10:16,350,363,-13
2014-04-30 10:17,348,361,-13
2014-04-30 10:18,346,360,-14
2014-04-30 10:19,345,359,-14
2014-04-30 10:20,343,357,-14
2014-04-30 10:21,342,356,-14
2014-04-30 10:22,340,355,-15
2014-04-30 10:23,339,353,-14
2014-04-30 10:24,337,352,-15
2014-04-30 10:25,335,351,-16
2014-04-30 10:26,334,349,-15
2014-04-30 10:27,333,348,-15
2014-04-30 10:28,331,346,-15
2014-04-30 10:29,329,345,-16
2014-04-30 10:30,327,344,-17
2014-04-30 10:31,326,342,-16
2014-04-30 10:32,325,341,-16
2014-04-30 10:33,323,340,-17
2014-04-30 10:34,321,338,-17
2014-04-30 10:35,320,337,-17
2014-04-30 10:36,318,336,-18
2014-04-30 10:37,317,334,-17
2014-04-30 10:38,315,333,-18
2014-04-30 10:39,314,331,-17
2014-04-30 10:40,312,330,-18
2014-04-30 10:41,311,329,-18
2014-04-30 10:42,309,327,-18
2014-04-30 10:43,307,326,-19
2014-04-30 10:44,306,324,-18
2014-04-30 10:45,304,323,-19
2014-04-30 10:46,303,322,-19
2014-04-30 10:47,302,320,-18
2014-04-30 10:48,300,319,-19
2014-04-30 10:49,299,317,-18
2014-04-30 10:50,298,316,-18
2014-04-30 10:51,296,315,-19
2014-04-30 10:52,295,313,-18
2014-04-30 10:53,293,312,-19
2014-04-30 10:54,292,310,-18
2014-04-30 10:55,290,309,-19
2014-04-30 10:56,289,307,-18
2014-04-30 10:57,287,306,-19
2014-04-30 10:58,286,305,-19
2014-04-30 10:59,284,303,-19
2014-04-30 11:00,283,302,-19
2014-04-30 11:01,281,300,-19
2014-04-30 11:02,280,299,-19
2014-04-30 11:03,279,297,-18
2014-04-30 11:04,277,296,-19
2014-04-30 11:05,276,294,-18
2014-04-30 11:06,275,293,-18
2014-04-30 11:07,273,291,-18
2014-04-30 11:08,271,290,-19
2014-04-30 11:09,270,289,-19
2014-04-30 11:10,269,287,-18
2014-04-30 11:11,267,286,-19
2014-04-30 11:12,266,284,-18
2014-04-30 11:13,265,283,-18
2014-04-30 11:14,264,281,-17
2014-04-30 11:15,262,280,-18
2014-04-30 11:16,261,278,-17
2014-04-30 11:17,260,277,-17
2014-04-30 11:18,259,275,-16
2014-04-30 11:19,257,274,-17
2014-04-30 11:20,256,272,-16
2014-04-30 11:21,255,271,-16
2014-04-30 11:22,253,269,-16
2014-04-30 11:23,252,268,-16
2014-04-30 11:24,250,266,-16
2014-04-30 11:25,249,265,-16
2014-04-30 11:26,248,263,-15
2014-04-30 11:27,246,262,-16
2014-04-30 11:28,246,260,-14
2014-04-30 11:29,244,259,-15
2014-04-30 11:30,243,257,-14
2014-04-30 11:31,242,256,-14
2014-04-30 11:32,241,254,-13
2014-04-30 11:33,240,253,-13
2014-04-30 11:34,238,251,-13
2014-04-30 11:35,237,250,-13
2014-04-30 11:36,236,248,-12
2014-04-30 11:37,234,247,-13
2014-04-30 11:38,233,245,-12
2014-04-30 11:39,232,244,-12
2014-04-30 11:40,231,242,-11
2014-04-30 11:41,229,241,-12
2014-04-30 11:42,228,239,-11
2014-04-30 11:43,227,238,-11
2014-04-30 11:44,226,236,-10
2014-04-30 11:45,225,235,-10
2014-04-30 11:46,224,233,-9
2014-04-30 11:47,222,232,-10
2014-04-30 11:48,221,230,-9
2014-04-30 11:49,220,229,-9
2014-04-30 11:50,219,227,-8
2014-04-30 11:51,217,226,-9
2014-04-30 11:52,216,224,-8
2014-04-30 11:53,216,223,-7
2014-04-30 11:54,214,221,-7
2014-04-30 11:55,213,220,-7
2014-04-30 11:56,212,218,-6
2014-04-30 11:57,211,217,-6
2014-04-30 11:58,209,215,-6
2014-04-30 11:59,208,214,-6
2014-04-30 12:00,207,212,-5
2014-04-30 12:01,206,211,-5
2014-04-30 12:02,205,209,-4
2014-04-30 12:03,204,208,-4
2014-04-30 12:04,203,207,-4
2014-04-30 12:05,202,205,-3
2014-04-30 12:06,201,204,-3
2014-04-30 12:07,200,202,-2
2014-04-30 12:08,199,201,-2
2014-04-30 12:09,197,200,-3
2014-04-30 12:10,196,198,-2
2014-04-30 12:11,195,197,-2
2014-04-30 12:12,194,195,-1
2014-04-30 12:13,193,194,-1
2014-04-30 12:14,192,193,-1
2014-04-30 12:15,191,191,0
2014-04-30 12:16,190,190,0
2014-04-30 12:17,189,189,0
2014-04-30 12:18,188,187,1
2014-04-30 12:19,187,186,1
2014-04-30 12:20,186,184,2
2014-04-30 12:21,185,183,2
2014-04-30 12:22,184,182,2
2014-04-30 12:23,183,181,2
2014-04-30 12:24,182,179,3
2014-04-30 12:25,181,178,3
2014-04-30 12:26,179,177,2
2014-04-30 12:27,179,175,4
2014-04-30 12:28,177,174,3
2014-04-30 12:29,176,173,3
2014-04-30 12:30,175,172,3
2014-04-30 12:31,174,170,4
2014-04-30 12:32,174,169,5
2014-04-30 12:33,172,168,4
2014-04-30 12:34,171,167,4
2014-04-30 12:35,170,166,4
2014-04-30 12:36,169,164,5
2014-04-30 12:37,168,163,5
2014-04-30 12:38,167,162,5
2014-04-30 12:39,167,161,6
2014-04-30 12:40,165,160,5
2014-04-30 12:41,165,159,6
2014-04-30 12:42,163,157,6
2014-04-30 12:43,162,156,6
2014-04-30 12:44,161,155,6
2014-04-30 12:45,160,154,6
2014-04-30 12:46,159,153,6
2014-04-30 12:47,158,152,6
2014-04-30 12:48,157,151,6
2014-04-30 12:49,157,150,7
2014-04-30 12:50,155,149,6
2014-04-30 12:51,154,148,6
2014-04-30 12:52,154,147,7
2014-04-30 12:53,153,146,7
2014-04-30 12:54,152,145,7
2014-04-30 12:55,150,144,6
2014-04-30 12:56,150,143,7
2014-04-30 12:57,149,142,7
2014-04-30 12:58,148,141,7
2014-04-30 12:59,148,140,8
2014-04-30 13:00,146,139,7
2014-04-30 13:01,146,138,8
2014-04-30 13:02,145,138,7
2014-04-30 13:03,144,137,7
2014-04-30 13:04,142,136,6
2014-04-30 13:05,142,135,7
2014-04-30 13:06,141,134,7
2014-04-30 13:07,140,133,7
2014-04-30 13:08,139,133,6
2014-04-30 13:09,138,132,6
2014-04-30 13:10,137,131,6
2014-04-30 13:11,136,130,6
2014-04-30 13:12,135,130,5
2014-04-30 13:13,134,129,5
2014-04-30 13:14,133,128,5
2014-04-30 13:15,132,127,5
2014-04-30 13:16,132,127,5
2014-04-30 13:17,131,126,5
2014-04-30 13:18,131,125,6
2014-04-30 13:19,129,125,4
2014-04-30 13:20,129,124,5
2014-04-30 13:21,128,124,4
2014-04-30 13:22,127,123,4
2014-04-30 13:23,126,122,4
2014-04-30 13:24,125,122,3
2014-04-30 13:25,124,121,3
2014-04-30 13:26,123,121,2
2014-04-30 13:27,123,120,3
2014-04-30 13:28,122,120,2
2014-04-30 13:29,120,119,1
2014-04-30 13:30,120,119,1
2014-04-30 13:31,119,118,1
2014-04-30 13:32,118,118,0
2014-04-30 13:33,117,118,-1
2014-04-30 13:34,116,117,-1
2014-04-30 13:35,116,117,-1
2014-04-30 13:36,115,116,-1
2014-04-30 13:37,114,116,-2
2014-04-30 13:38,114,116,-2
2014-04-30 13:39,112,115,-3
2014-04-30 13:40,112,115,-3
2014-04-30 13:41,111,115,-4
2014-04-30 13:42,110,114,-4
2014-04-30 13:43,109,114,-5
2014-04-30 13:44,109,114,-5
2014-04-30 13:45,108,114,-6
2014-04-30 13:46,107,113,-6
2014-04-30 13:47,106,113,-7
2014-04-30 13:48,106,113,-7
2014-04-30 13:49,105,113,-8
2014-04-30 13:50,104,113,-9
2014-04-30 13:51,103,113,-10
2014-04-30 13:52,102,113,-11
2014-04-30 13:53,102,112,-10
2014-04-30 13:54,101,112,-11
2014-04-30 13:55,100,112,-12
2014-04-30 13:56,100,112,-12
2014-04-30 13:57,99,112,-13
2014-04-30 13:58,99,112,-13
2014-04-30 13:59,98,112,-14
2014-04-30 14:00,97,112,-15
2014-04-30 14:01,97,112,-15
2014-04-30 14:02,97,112,-15
2014-04-30 14:03,96,112,-16
2014-04-30 14:04,95,113,-18
2014-04-30 14:05,95,113,-18
2014-04-30 14:06,95,113,-18
2014-04-30 14:07,94,113,-19
2014-04-30 14:08,94,113,-19
2014-04-30 14:09,94,113,-19
2014-04-30 14:10,93,113,-20
2014-04-30 14:11,93,114,-21
2014-04-30 14:12,93,114,-21
2014-04-30 14:13,93,114,-21
2014-04-30 14:14,93,114,-21
2014-04-30 14:15,92,115,-23
2014-04-30 14:16,93,115,-22
2014-04-30 14:17,93,115,-22
2014-04-30 14:18,94,116,-22
2014-04-30 14:19,94,116,-22
2014-04-30 14:20,95,116,-21
2014-04-30 14:21,96,117,-21
2014-04-30 14:22,96,117,-21
2014-04-30 14:23,97,118,-21
2014-04-30 14:24,98,118,-20
2014-04-30 14:25,100,119,-19
2014-04-30 14:26,102,119,-17
2014-04-30 14:27,104,120,-16
2014-04-30 14:28,106,120,-14
2014-04-30 14:29,108,121,-13
2014-04-30 14:30,110,121,-11
2014-04-30 14:31,113,122,-9
2014-04-30 14:32,115,123,-8
2014-04-30 14:33,117,123,-6
2014-04-30 14:34,120,124,-4
2014-04-30 14:35,122,125,-3
2014-04-30 14:36,125,125,0
2014-04-30 14:37,127,126,1
2014-04-30 14:38,130,127,3
2014-04-30 14:39,132,127,5
2014-04-30 14:40,134,128,6
2014-04-30 14:41,137,129,8
2014-04-30 14:42,139,130,9
2014-04-30 14:43,141,131,10
2014-04-30 14:44,143,132,11
2014-04-30 14:45,146,132,14
2014-04-30 14:46,148,133,15
2014-04-30 14:47,149,134,15
2014-04-30 14:48,151,135,16
2014-04-30 14:49,153,136,17
2014-04-30 14:50,155,137,18
2014-04-30 14:51,157,138,19
2014-04-30 14:52,159,139,20
2014-04-30 14:53,160,140,20
2014-04-30 14:54,161,141,20
2014-04-30 14:55,163,142,21
2014-04-30 14:56,165,143,22
2014-04-30 14:57,167,145,22
2014-04-30 14:58,168,146,22
2014-04-30 14:59,169,147,22
2014-04-30 15:00,171,148,23
2014-04-30 15:01,172,149,23
2014-04-30 15:02,173,151,22
2014-04-30 15:03,174,152,22
2014-04-30 15:04,175,153,22
2014-04-30 15:05,177,154,23
2014-04-30 15:06,179,156,23
2014-04-30 15:07,180,157,23
2014-04-30 15:08,181,159,22
2014-04-30 15:09,182,160,22
2014-04-30 15:10,183,161,22
2014-04-30 15:11,184,163,21
2014-04-30 15:12,186,164,22
2014-04-30 15:13,187,166,21
2014-04-30 15:14,188,167,21
2014-04-30 15:15,189,169,20
2014-04-30 15:16,191,170,21
2014-04-30 15:17,192,172,20
2014-04-30 15:18,192,174,18
2014-04-30 15:19,193,175,18
2014-04-30 15:20,194,177,17
2014-04-30 15:21,195,178,17
2014-04-30 15:22,197,180,17
2014-04-30 15:23,198,182,16
2014-04-30 15:24,199,184,15
2014-04-30 15:25,200,185,15
2014-04-30 15:26,201,187,14
2014-04-30 15:27,202,189,13
2014-04-30 15:28,203,191,12
2014-04-30 15:29,204,193,11
2014-04-30 15:30,205,195,10
2014-04-30 15:31,207,196,11
2014-04-30 15:32,208,198,10
2014-04-30 15:33,209,200,9
2014-04-30 15:34,211,202,9
2014-04-30 15:35,212,204,8
2014-04-30 15:36,214,206,8
2014-04-30 15:37,215,208,7
2014-04-30 15:38,217,210,7
2014-04-30 15:39,219,212,7
2014-04-30 15:40,221,214,7
2014-04-30 15:41,222,217,5
2014-04-30 15:42,224,219,5
2014-04-30 15:43,226,221,5
2014-04-30 15:44,227,223,4
2014-04-30 15:45,229,225,4
2014-04-30 15:46,231,228,3
2014-04-30 15:47,233,230,3
2014-04-30 15:48,235,232,3
2014-04-30 15:49,237,234,3
2014-04-30 15:50,238,237,1
2014-04-30 15:51,240,239,1
2014-04-30 15:52,242,241,1
2014-04-30 15:53,244,244,0
2014-04-30 15:54,246,246,0
2014-04-30 15:55,248,249,-1
2014-04-30 15:56,250,251,-1
2014-04-30 15:57,251,253,-2
2014-04-30 15:58,253,256,-3
2014-04-30 15:59,256,258,-2
2014-04-30 16:00,258,261,-3
2014-04-30 16:01,260,263,-3
2014-04-30 16:02,262,266,-4
2014-04-30 16:03,264,269,-5
2014-04-30 16:04,266,271,-5
2014-04-30 16:05,269,274,-5
2014-04-30 16:06,271,276,-5
2014-04-30 16:07,273,279,-6
2014-04-30 16:08,276,282,-6
2014-04-30 16:09,278,284,-6
2014-04-30 16:10,281,287,-6
2014-04-30 16:11,283,290,-7
2014-04-30 16:12,285,292,-7
2014-04-30 16:13,288,295,-7
2014-04-30 16:14,291,298,-7
2014-04-30 16:15,294,301,-7
2014-04-30 16:16,297,304,-7
2014-04-30 16:17,299,306,-7
2014-04-30 16:18,302,309,-7
2014-04-30 16:19,305,312,-7
2014-04-30 16:20,308,315,-7
2014-04-30 16:21,311,318,-7
2014-04-30 16:22,314,321,-7
2014-04-30 16:23,317,324,-7
2014-04-30 16:24,321,326,-5
2014-04-30 16:25,324,329,-5
2014-04-30 16:26,327,332,-5
2014-04-30 16:27,331,335,-4
2014-04-30 16:28,334,338,-4
2014-04-30 16:29,337,341,-4
2014-04-30 16:30,340,344,-4
2014-04-30 16:31,343,347,-4
2014-04-30 16:32,347,350,-3
2014-04-30 16:33,350,353,-3
2014-04-30 16:34,352,356,-4
2014-04-30 16:35,355,359,-4
2014-04-30 16:36,358,362,-4
2014-04-30 16:37,361,365,-4
2014-04-30 16:38,364,368,-4
2014-04-30 16:39,367,371,-4
2014-04-30 16:40,370,374,-4
2014-04-30 16:41,373,377,-4
2014-04-30 16:42,376,381,-5
2014-04-30 16:43,379,384,-5
2014-04-30 16:44,382,387,-5
2014-04-30 16:45,385,390,-5
2014-04-30 16:46,387,393,-6
2014-04-30 16:47,390,396,-6
2014-04-30 16:48,393,399,-6
2014-04-30 16:49,396,402,-6
2014-04-30 16:50,398,405,-7
2014-04-30 16:51,401,408,-7
2014-04-30 16:52,404,411,-7
2014-04-30 16:53,407,415,-8
2014-04-30 16:54,410,418,-8
2014-04-30 16:55,412,421,-9
2014-04-30 16:56,415,424,-9
2014-04-30 16:57,418,427,-9
2014-04-30 16:58,421,430,-9
2014-04-30 16:59,424,433,-9
2014-04-30 17:00,427,436,-9
2014-04-30 17:01,430,439,-9
2014-04-30 17:02,432,442,-10
2014-04-30 17:03,436,445,-9
2014-04-30 17:04,438,449,-11
2014-04-30 17:05,441,452,-11
2014-04-30 17:06,445,455,-10
2014-04-30 17:07,448,458,-10
2014-04-30 17:08,450,461,-11
2014-04-30 17:09,453,464,-11
2014-04-30 17:10,457,467,-10
2014-04-30 17:11,459,470,-11
2014-04-30 17:12,462,473,-11
2014-04-30 17:13,465,476,-11
2014-04-30 17:14,468,479,-11
2014-04-30 17:15,471,482,-11
2014-04-30 17:16,474,485,-11
2014-04-30 17:17,476,488,-12
2014-04-30 17:18,479,491,-12
2014-04-30 17:19,482,494,-12
2014-04-30 17:20,485,497,-12
2014-04-30 17:21,488,499,-11
2014-04-30 17:22,491,502,-11
2014-04-30 17:23,494,505,-11
2014-04-30 17:24,497,508,-11
2014-04-30 17:25,500,511,-11
2014-04-30 17:26,502,514,-12
2014-04-30 17:27,505,516,-11
2014-04-30 17:28,508,519,-11
2014-04-30 17:29,511,522,-11
2014-04-30 17:30,513,525,-12
2014-04-30 17:31,516,527,-11
2014-04-30 17:32,519,530,-11
2014-04-30 17:33,522,533,-11
2014-04-30 17:34,524,536,-12
2014-04-30 17:35,527,538,-11
2014-04-30 17:36,529,541,-12
2014-04-30 17:37,532,543,-11
2014-04-30 17:38,534,546,-12
2014-04-30 17:39,537,548,-11
2014-04-30 17:40,540,551,-11
2014-04-30 17:41,542,554,-12
2014-04-30 17:42,545,556,-11
2014-04-30 17:43,547,558,-11
2014-04-30 17:44,549,561,-12
2014-04-30 17:45,551,563,-12
2014-04-30 17:46,554,566,-12
2014-04-30 17:47,557,568,-11
2014-04-30 17:48,559,570,-11
2014-04-30 17:49,561,573,-12
2014-04-30 17:50,563,575,-12
2014-04-30 17:51,565,577,-12
2014-04-30 17:52,568,579,-11
2014-04-30 17:53,570,581,-11
2014-04-30 17:54,572,583,-11
2014-04-30 17:55,575,586,-11
2014-04-30 17:56,577,588,-11
2014-04-30 17:57,579,590,-11
2014-04-30 17:58,582,592,-10
2014-04-30 17:59,584,594,-10
2014-04-30 18:00,587,596,-9
2014-04-30 18:01,589,598,-9
2014-04-30 18:02,591,599,-8
2014-04-30 18:03,593,601,-8
2014-04-30 18:04,596,603,-7
2014-04-30 18:05,597,605,-8
2014-04-30 18:06,599,607,-8
2014-04-30 18:07,602,608,-6
2014-04-30 18:08,604,610,-6
2014-04-30 18:09,606,612,-6
2014-04-30 18:10,608,613,-5
2014-04-30 18:11,610,615,-5
2014-04-30 18:12,612,616,-4
2014-04-30 18:13,614,618,-4
2014-04-30 18:14,616,619,-3
2014-04-30 18:15,617,621,-4
2014-04-30 18:16,618,622,-4
2014-04-30 18:17,620,623,-3
2014-04-30 18:18,621,625,-4
2014-04-30 18:19,623,626,-3
2014-04-30 18:20,624,627,-3
2014-04-30 18:21,626,628,-2
2014-04-30 18:22,628,629,-1
2014-04-30 18:23,629,630,-1
2014-04-30 18:24,630,631,-1
2014-04-30 18:25,632,633,-1
2014-04-30 18:26,633,633,0
2014-04-30 18:27,634,634,0
2014-04-30 18:28,636,635,1
2014-04-30 18:29,637,636,1
2014-04-30 18:30,638,637,1
2014-04-30 18:31,639,638,1
2014-04-30 18:32,640,639,1
2014-04-30 18:33,641,639,2
2014-04-30 18:34,642,640,2
2014-04-30 18:35,643,641,2
2014-04-30 18:36,644,641,3
2014-04-30 18:37,645,642,3
2014-04-30 18:38,645,642,3
2014-04-30 18:39,646,643,3
2014-04-30 18:40,647,643,4
2014-04-30 18:41,648,644,4
2014-04-30 18:42,648,644,4
2014-04-30 18:43,649,644,5
2014-04-30 18:44,649,644,5
2014-04-30 18:45,650,645,5
2014-04-30 18:46,650,645,5
2014-04-30 18:47,650,645,5
2014-04-30 18:48,651,645,6
2014-04-30 18:49,651,645,6
2014-04-30 18:50,651,645,6
2014-04-30 18:51,651,645,6
2014-04-30 18:52,652,645,7
2014-04-30 18:53,652,645,7
2014-04-30 18:54,652,645,7
2014-04-30 18:55,652,645,7
2014-04-30 18:56,652,645,7
2014-04-30 18:57,652,645,7
2014-04-30 18:58,651,644,7
2014-04-30 18:59,651,644,7
2014-04-30 19:00,650,644,6
2014-04-30 19:01,650,643,7
2014-04-30 19:02,650,643,7
2014-04-30 19:03,649,642,7
2014-04-30 19:04,649,642,7
2014-04-30 19:05,648,641,7
2014-04-30 19:06,648,641,7
2014-04-30 19:07,647,640,7
2014-04-30 19:08,647,640,7
2014-04-30 19:09,646,639,7
2014-04-30 19:10,646,638,8
2014-04-30 19:11,646,638,8
2014-04-30 19:12,645,637,8
2014-04-30 19:13,644,636,8
2014-04-30 19:14,643,635,8
2014-04-30 19:15,642,634,8
2014-04-30 19:16,641,633,8
2014-04-30 19:17,640,632,8
2014-04-30 19:18,639,632,7
2014-04-30 19:19,638,631,7
2014-04-30 19:20,637,630,7
2014-04-30 19:21,636,628,8
2014-04-30 19:22,635,627,8
2014-04-30 19:23,634,626,8
2014-04-30 19:24,633,625,8
2014-04-30 19:25,632,624,8
2014-04-30 19:26,630,623,7
2014-04-30 19:27,629,622,7
2014-04-30 19:28,628,620,8
2014-04-30 19:29,626,619,7
2014-04-30 19:30,625,618,7
2014-04-30 19:31,624,616,8
2014-04-30 19:32,622,615,7
2014-04-30 19:33,621,614,7
2014-04-30 19:34,620,612,8
2014-04-30 19:35,618,611,7
2014-04-30 19:36,617,609,8
2014-04-30 19:37,616,608,8
2014-04-30 19:38,614,606,8
2014-04-30 19:39,613,605,8
2014-04-30 19:40,611,603,8
2014-04-30 19:41,609,602,7
2014-04-30 19:42,608,600,8
2014-04-30 19:43,606,599,7
2014-04-30 19:44,604,597,7
2014-04-30 19:45,603,595,8
2014-04-30 19:46,601,594,7
2014-04-30 19:47,600,592,8
2014-04-30 19:48,598,590,8
2014-04-30 19:49,597,589,8
2014-04-30 19:50,595,587,8
2014-04-30 19:51,594,585,9
2014-04-30 19:52,592,583,9
2014-04-30 19:53,590,582,8
2014-04-30 19:54,589,580,9
2014-04-30 19:55,588,578,10
2014-04-30 19:56,586,576,10
2014-04-30 19:57,585,574,11
2014-04-30 19:58,583,573,10
2014-04-30 19:59,582,571,11
2014-04-30 20:00,580,569,11
2014-04-30 20:01,579,567,12
2014-04-30 20:02,578,565,13
2014-04-30 20:03,576,563,13
2014-04-30 20:04,574,561,13
2014-04-30 20:05,572,559,13
2014-04-30 20:06,570,557,13
2014-04-30 20:07,569,556,13
2014-04-30 20:08,567,554,13
2014-04-30 20:09,566,552,14
2014-04-30 20:10,564,550,14
2014-04-30 20:11,562,548,14
2014-04-30 20:12,560,546,14
2014-04-30 20:13,559,544,15
2014-04-30 20:14,557,542,15
2014-04-30 20:15,555,540,15
2014-04-30 20:16,554,538,16
2014-04-30 20:17,552,536,16
2014-04-30 20:18,549,534,15
2014-04-30 20:19,548,532,16
2014-04-30 20:20,546,530,16
2014-04-30 20:21,544,528,16
2014-04-30 20:22,543,526,17
2014-04-30 20:23,540,524,16
2014-04-30 20:24,539,522,17
2014-04-30 20:25,537,520,17
2014-04-30 20:26,535,518,17
2014-04-30 20:27,533,516,17
2014-04-30 20:28,531,514,17
2014-04-30 20:29,529,512,17
2014-04-30 20:30,527,510,17
2014-04-30 20:31,525,508,17
2014-04-30 20:32,523,506,17
2014-04-30 20:33,521,504,17
2014-04-30 20:34,519,502,17
2014-04-30 20:35,517,500,17
2014-04-30 20:36,515,498,17
2014-04-30 20:37,513,496,17
2014-04-30 20:38,511,494,17
2014-04-30 20:39,509,492,17
2014-04-30 20:40,507,490,17
2014-04-30 20:41,505,488,17
2014-04-30 20:42,503,486,17
2014-04-30 20:43,501,484,17
2014-04-30 20:44,499,482,17
2014-04-30 20:45,497,480,17
2014-04-30 20:46,496,478,18
2014-04-30 20:47,493,476,17
2014-04-30 20:48,491,474,17
2014-04-30 20:49,490,472,18
2014-04-30 20:50,488,470,18
2014-04-30 20:51,486,468,18
2014-04-30 20:52,484,467,17
2014-04-30 20:53,482,465,17
2014-04-30 20:54,480,463,17
2014-04-30 20:55,478,461,17
2014-04-30 20:56,476,459,17
2014-04-30 20:57,474,457,17
2014-04-30 20:58,472,455,17
2014-04-30 20:59,470,453,17
2014-04-30 21:00,468,452,16
2014-04-30 21:01,467,450,17
2014-04-30 21:02,465,448,17
2014-04-30 21:03,463,446,17
2014-04-30 21:04,461,444,17
2014-04-30 21:05,459,443,16
2014-04-30 21:06,457,441,16
2014-04-30 21:07,455,439,16
2014-04-30 21:08,453,437,16
2014-04-30 21:09,451,436,15
2014-04-30 21:10,449,434,15
2014-04-30 21:11,447,432,15
2014-04-30 21:12,445,430,15
2014-04-30 21:13,443,429,14
2014-04-30 21:14,442,427,15
2014-04-30 21:15,440,425,15
2014-04-30 21:16,438,424,14
2014-04-30 21:17,436,422,14
2014-04-30 21:18,434,420,14
2014-04-30 21:19,432,419,13
2014-04-30 21:20,430,417,13
2014-04-30 21:21,429,415,14
2014-04-30 21:22,427,414,13
2014-04-30 21:23,425,412,13
2014-04-30 21:24,423,411,12
2014-04-30 21:25,421,409,12
2014-04-30 21:26,419,408,11
2014-04-30 21:27,418,406,12
2014-04-30 21:28,416,404,12
2014-04-30 21:29,414,403,11
2014-04-30 21:30,412,401,11
2014-04-30 21:31,411,400,11
2014-04-30 21:32,409,398,11
2014-04-30 21:33,407,397,10
2014-04-30 21:34,405,395,10
2014-04-30 21:35,404,394,10
2014-04-30 21:36,402,392,10
2014-04-30 21:37,400,391,9
2014-04-30 21:38,399,389,10
2014-04-30 21:39,397,388,9
2014-04-30 21:40,395,387,8
2014-04-30 21:41,393,385,8
2014-04-30 21:42,392,384,8
2014-04-30 21:43,390,382,8
2014-04-30 21:44,389,381,8
2014-04-30 21:45,387,380,7
2014-04-30 21:46,385,378,7
2014-04-30 21:47,383,377,6
2014-04-30 21:48,381,376,5
2014-04-30 21:49,380,374,6
2014-04-30 21:50,378,373,5
2014-04-30 21:51,376,371,5
2014-04-30 21:52,375,370,5
2014-04-30 21:53,373,369,4
2014-04-30 21:54,372,368,4
2014-04-30 21:55,370,366,4
2014-04-30 21:56,368,365,3
2014-04-30 21:57,367,364,3
2014-04-30 21:58,365,362,3
2014-04-30 21:59,363,361,2
2014-04-30 22:00,361,360,1
2014-04-30 22:01,360,358,2
2014-04-30 22:02,358,357,1
2014-04-30 22:03,357,356,1
2014-04-30 22:04,355,355,0
2014-04-30 22:05,354,353,1
2014-04-30 22:06,353,352,1
2014-04-30 22:07,350,351,-1
2014-04-30 22:08,349,350,-1
2014-04-30 22:09,348,349,-1
2014-04-30 22:10,346,347,-1
2014-04-30 22:11,344,346,-2
2014-04-30 22:12,343,345,-2
2014-04-30 22:13,341,344,-3
2014-04-30 22:14,340,342,-2
2014-04-30 22:15,338,341,-3
2014-04-30 22:16,337,340,-3
2014-04-30 22:17,335,339,-4
2014-04-30 22:18,333,338,-5
2014-04-30 22:19,332,336,-4
2014-04-30 22:20,330,335,-5
2014-04-30 22:21,329,334,-5
2014-04-30 22:22,327,333,-6
2014-04-30 22:23,325,332,-7
2014-04-30 22:24,324,330,-6
2014-04-30 22:25,322,329,-7
2014-04-30 22:26,321,328,-7
2014-04-30 22:27,319,327,-8
2014-04-30 22:28,318,326,-8
2014-04-30 22:29,316,324,-8
2014-04-30 22:30,315,323,-8
2014-04-30 22:31,313,322,-9
2014-04-30 22:32,312,321,-9
2014-04-30 22:33,310,320,-10
2014-04-30 22:34,308,319,-11
2014-04-30 22:35,307,317,-10
2014-04-30 22:36,306,316,-10
2014-04-30 22:37,304,315,-11
2014-04-30 22:38,302,314,-12
2014-04-30 22:39,301,313,-12
2014-04-30 22:40,300,311,-11
2014-04-30 22:41,298,310,-12
2014-04-30 22:42,297,309,-12
2014-04-30 22:43,296,308,-12
2014-04-30 22:44,294,307,-13
2014-04-30 22:45,292,305,-13
2014-04-30 22:46,291,304,-13
2014-04-30 22:47,289,303,-14
2014-04-30 22:48,288,302,-14
2014-04-30 22:49,287,301,-14
2014-04-30 22:50,285,299,-14
2014-04-30 22:51,284,298,-14
2014-04-30 22:52,283,297,-14
2014-04-30 22:53,281,296,-15
2014-04-30 22:54,280,294,-14
2014-04-30 22:55,278,293,-15
2014-04-30 22:56,277,292,-15
2014-04-30 22:57,275,291,-16
2014-04-30 22:58,274,290,-16
2014-04-30 22:59,273,288,-15
2014-04-30 23:00,271,287,-16
2014-04-30 23:01,270,286,-16
2014-04-30 23:02,269,285,-16
2014-04-30 23:03,267,283,-16
2014-04-30 23:04,266,282,-16
2014-04-30 23:05,264,281,-17
2014-04-30 23:06,263,279,-16
2014-04-30 23:07,262,278,-16
2014-04-30 23:08,261,277,-16
2014-04-30 23:09,259,276,-17
2014-04-30 23:10,258,274,-16
2014-04-30 23:11,257,273,-16
2014-04-30 23:12,255,272,-17
2014-04-30 23:13,254,270,-16
2014-04-30 23:14,253,269,-16
2014-04-30 23:15,252,268,-16
2014-04-30 23:16,250,267,-17
2014-04-30 23:17,249,265,-16
2014-04-30 23:18,247,264,-17
2014-04-30 23:19,246,263,-17
2014-04-30 23:20,245,261,-16
2014-04-30 23:21,244,260,-16
2014-04-30 23:22,242,259,-17
2014-04-30 23:23,241,257,-16
2014-04-30 23:24,240,256,-16
2014-04-30 23:25,238,255,-17
2014-04-30 23:26,237,253,-16
2014-04-30 23:27,236,252,-16
2014-04-30 23:28,234,250,-16
2014-04-30 23:29,233,249,-16
2014-04-30 23:30,232,248,-16
2014-04-30 23:31,230,246,-16
2014-04-30 23:32,229,245,-16
2014-04-30 23:33,228,244,-16
2014-04-30 23:34,227,242,-15
2014-04-30 23:35,226,241,-15
2014-04-30 23:36,224,239,-15
2014-04-30 23:37,223,238,-15
2014-04-30 23:38,222,237,-15
2014-04-30 23:39,221,235,-14
2014-04-30 23:40,219,234,-15
2014-04-30 23:41,218,233,-15
2014-04-30 23:42,217,231,-14
2014-04-30 23:43,216,230,-14
2014-04-30 23:44,214,228,-14
2014-04-30 23:45,213,227,-14
2014-04-30 23:46,212,226,-14
2014-04-30 23:47,211,224,-13
2014-04-30 23:48,210,223,-13
2014-04-30 23:49,208,221,-13
2014-04-30 23:50,207,220,-13
2014-04-30 23:51,206,218,-12
2014-04-30 23:52,205,217,-12
2014-04-30 23:53,204,216,-12
2014-04-30 23:54,203,214,-11
2014-04-30 23:55,202,213,-11
2014-04-30 23:56,200,211,-11
2014-04-30 23:57,200,210,-10
2014-04-30 23:58,198,209,-11
2014-04-30 23:59,197,207,-10
2014-05-01 0:00,-,206,-
