관측시간,실측조위(Cm),예측조위(Cm),잔차(Cm)
2017-04-29 0:00,237,266,-29
2017-04-29 0:01,236,265,-29
2017-04-29 0:02,234,263,-29
2017-04-29 0:03,233,262,-29
2017-04-29 0:04,232,261,-29
2017-04-29 0:05,230,259,-29
2017-04-29 0:06,229,258,-29
2017-04-29 0:07,227,257,-30
2017-04-29 0:08,226,255,-29
2017-04-29 0:09,225,254,-29
2017-04-29 0:10,224,253,-29
2017-04-29 0:11,223,251,-28
2017-04-29 0:12,221,250,-29
2017-04-29 0:13,220,249,-29
2017-04-29 0:14,219,247,-28
2017-04-29 0:15,217,246,-29
2017-04-29 0:16,216,244,-28
2017-04-29 0:17,215,243,-28
2017-04-29 0:18,213,242,-29
2017-04-29 0:19,212,240,-28
2017-04-29 0:20,211,239,-28
2017-04-29 0:21,210,237,-27
2017-04-29 0:22,209,236,-27
2017-04-29 0:23,207,235,-28
2017-04-29 0:24,206,233,-27
2017-04-29 0:25,205,232,-27
2017-04-29 0:26,204,230,-26
2017-04-29 0:27,203,229,-26
2017-04-29 0:28,202,227,-25
2017-04-29 0:29,201,226,-25
2017-04-29 0:30,199,225,-26
2017-04-29 0:31,198,223,-25
2017-04-29 0:32,197,222,-25
2017-04-29 0:33,195,220,-25
2017-04-29 0:34,194,219,-25
2017-04-29 0:35,193,217,-24
2017-04-29 0:36,192,216,-24
2017-04-29 0:37,190,214,-24
2017-04-29 0:38,189,213,-24
2017-04-29 0:39,188,211,-23
2017-04-29 0:40,187,210,-23
2017-04-29 0:41,185,208,-23
2017-04-29 0:42,184,207,-23
2017-04-29 0:43,183,205,-22
2017-04-29 0:44,182,204,-22
2017-04-29 0:45,181,202,-21
2017-04-29 0:46,179,201,-22
2017-04-29 0:47,178,200,-22
2017-04-29 0:48,177,198,-21
2017-04-29 0:49,177,197,-20
2017-04-29 0:50,176,195,-19
2017-04-29 0:51,174,194,-20
2017-04-29 0:52,173,192,-19
2017-04-29 0:53,172,191,-19
2017-04-29 0:54,171,189,-18
2017-04-29 0:55,170,188,-18
2017-04-29 0:56,169,186,-17
2017-04-29 0:57,168,185,-17
2017-04-29 0:58,166,183,-17
2017-04-29 0:59,165,182,-17
2017-04-29 1:00,164,180,-16
2017-04-29 1:01,163,179,-16
2017-04-29 1:02,162,177,-15
2017-04-29 1:03,161,176,-15
2017-04-29 1:04,160,174,-14
2017-04-29 1:05,158,173,-15
2017-04-29 1:06,157,171,-14
2017-04-29 1:07,156,170,-14
2017-04-29 1:08,155,168,-13
2017-04-29 1:09,154,167,-13
2017-04-29 1:10,153,166,-13
2017-04-29 1:11,152,164,-12
2017-04-29 1:12,150,163,-13
2017-04-29 1:13,149,161,-12
2017-04-29 1:14,148,160,-12
2017-04-29 1:15,147,158,-11
2017-04-29 1:16,146,157,-11
2017-04-29 1:17,145,155,-10
2017-04-29 1:18,144,154,-10
2017-04-29 1:19,143,153,-10
2017-04-29 1:20,141,151,-10
2017-04-29 1:21,140,150,-10
2017-04-29 1:22,139,148,-9
2017-04-29 1:23,138,147,-9
2017-04-29 1:24,137,146,-9
2017-04-29 1:25,136,144,-8
2017-04-29 1:26,135,143,-8
2017-04-29 1:27,134,142,-8
2017-04-29 1:28,133,140,-7
2017-04-29 1:29,132,139,-7
2017-04-29 1:30,131,138,-7
2017-04-29 1:31,130,136,-6
2017-04-29 1:32,129,135,-6
2017-04-29 1:33,128,134,-6
2017-04-29 1:34,127,132,-5
2017-04-29 1:35,125,131,-6
2017-04-29 1:36,124,130,-6
2017-04-29 1:37,123,129,-6
2017-04-29 1:38,122,127,-5
2017-04-29 1:39,121,126,-5
2017-04-29 1:40,120,125,-5
2017-04-29 1:41,119,124,-5
2017-04-29 1:42,118,122,-4
2017-04-29 1:43,117,121,-4
2017-04-29 1:44,116,120,-4
2017-04-29 1:45,116,119,-3
2017-04-29 1:46,115,118,-3
2017-04-29 1:47,114,117,-3
2017-04-29 1:48,113,115,-2
2017-04-29 1:49,112,114,-2
2017-04-29 1:50,111,113,-2
2017-04-29 1:51,110,112,-2
2017-04-29 1:52,109,111,-2
2017-04-29 1:53,108,110,-2
2017-04-29 1:54,107,109,-2
2017-04-29 1:55,106,108,-2
2017-04-29 1:56,105,107,-2
2017-04-29 1:57,105,106,-1
2017-04-29 1:58,104,105,-1
2017-04-29 1:59,103,104,-1
2017-04-29 2:00,102,103,-1
2017-04-29 2:01,101,102,-1
2017-04-29 2:02,100,101,-1
2017-04-29 2:03,99,100,-1
2017-04-29 2:04,98,99,-1
2017-04-29 2:05,97,98,-1
2017-04-29 2:06,96,97,-1
2017-04-29 2:07,95,96,-1
2017-04-29 2:08,94,95,-1
2017-04-29 2:09,92,95,-3
2017-04-29 2:10,92,94,-2
2017-04-29 2:11,91,93,-2
2017-04-29 2:12,90,92,-2
2017-04-29 2:13,90,91,-1
2017-04-29 2:14,89,91,-2
2017-04-29 2:15,88,90,-2
2017-04-29 2:16,87,89,-2
2017-04-29 2:17,86,88,-2
2017-04-29 2:18,85,88,-3
2017-04-29 2:19,84,87,-3
2017-04-29 2:20,83,86,-3
2017-04-29 2:21,82,86,-4
2017-04-29 2:22,81,85,-4
2017-04-29 2:23,80,84,-4
2017-04-29 2:24,79,84,-5
2017-04-29 2:25,78,83,-5
2017-04-29 2:26,78,83,-5
2017-04-29 2:27,77,82,-5
2017-04-29 2:28,76,82,-6
2017-04-29 2:29,75,81,-6
2017-04-29 2:30,75,81,-6
2017-04-29 2:31,74,80,-6
2017-04-29 2:32,73,80,-7
2017-04-29 2:33,72,79,-7
2017-04-29 2:34,71,79,-8
2017-04-29 2:35,70,79,-9
2017-04-29 2:36,70,78,-8
2017-04-29 2:37,68,78,-10
2017-04-29 2:38,67,77,-10
2017-04-29 2:39,66,77,-11
2017-04-29 2:40,66,77,-11
2017-04-29 2:41,65,77,-12
2017-04-29 2:42,64,76,-12
2017-04-29 2:43,63,76,-13
2017-04-29 2:44,62,76,-14
2017-04-29 2:45,62,76,-14
2017-04-29 2:46,61,76,-15
2017-04-29 2:47,61,75,-14
2017-04-29 2:48,60,75,-15
2017-04-29 2:49,59,75,-16
2017-04-29 2:50,58,75,-17
2017-04-29 2:51,58,75,-17
2017-04-29 2:52,57,75,-18
2017-04-29 2:53,57,75,-18
2017-04-29 2:54,56,75,-19
2017-04-29 2:55,55,75,-20
2017-04-29 2:56,54,75,-21
2017-04-29 2:57,54,75,-21
2017-04-29 2:58,54,75,-21
2017-04-29 2:59,53,75,-22
2017-04-29 3:00,53,75,-22
2017-04-29 3:01,52,76,-24
2017-04-29 3:02,52,76,-24
2017-04-29 3:03,52,76,-24
2017-04-29 3:04,52,76,-24
2017-04-29 3:05,52,76,-24
2017-04-29 3:06,52,77,-25
2017-04-29 3:07,52,77,-25
2017-04-29 3:08,53,77,-24
2017-04-29 3:09,53,77,-24
2017-04-29 3:10,53,78,-25
2017-04-29 3:11,53,78,-25
2017-04-29 3:12,54,79,-25
2017-04-29 3:13,55,79,-24
2017-04-29 3:14,56,79,-23
2017-04-29 3:15,57,80,-23
2017-04-29 3:16,59,80,-21
2017-04-29 3:17,61,81,-20
2017-04-29 3:18,63,81,-18
2017-04-29 3:19,66,82,-16
2017-04-29 3:20,69,83,-14
2017-04-29 3:21,72,83,-11
2017-04-29 3:22,75,84,-9
2017-04-29 3:23,77,85,-8
2017-04-29 3:24,80,85,-5
2017-04-29 3:25,82,86,-4
2017-04-29 3:26,85,87,-2
2017-04-29 3:27,88,87,1
2017-04-29 3:28,91,88,3
2017-04-29 3:29,93,89,4
2017-04-29 3:30,95,90,5
2017-04-29 3:31,97,91,6
2017-04-29 3:32,98,92,6
2017-04-29 3:33,100,92,8
2017-04-29 3:34,101,93,8
2017-04-29 3:35,102,94,8
2017-04-29 3:36,104,95,9
2017-04-29 3:37,107,96,11
2017-04-29 3:38,108,97,11
2017-04-29 3:39,109,98,11
2017-04-29 3:40,111,99,12
2017-04-29 3:41,113,101,12
2017-04-29 3:42,115,102,13
2017-04-29 3:43,116,103,13
2017-04-29 3:44,118,104,14
2017-04-29 3:45,120,105,15
2017-04-29 3:46,121,107,14
2017-04-29 3:47,122,108,14
2017-04-29 3:48,125,109,16
2017-04-29 3:49,127,110,17
2017-04-29 3:50,129,112,17
2017-04-29 3:51,130,113,17
2017-04-29 3:52,132,115,17
2017-04-29 3:53,133,116,17
2017-04-29 3:54,135,117,18
2017-04-29 3:55,137,119,18
2017-04-29 3:56,139,120,19
2017-04-29 3:57,141,122,19
2017-04-29 3:58,143,124,19
2017-04-29 3:59,145,125,20
2017-04-29 4:00,146,127,19
2017-04-29 4:01,148,128,20
2017-04-29 4:02,150,130,20
2017-04-29 4:03,151,132,19
2017-04-29 4:04,153,133,20
2017-04-29 4:05,154,135,19
2017-04-29 4:06,156,137,19
2017-04-29 4:07,157,139,18
2017-04-29 4:08,159,141,18
2017-04-29 4:09,161,143,18
2017-04-29 4:10,163,144,19
2017-04-29 4:11,164,146,18
2017-04-29 4:12,165,148,17
2017-04-29 4:13,167,150,17
2017-04-29 4:14,169,152,17
2017-04-29 4:15,170,154,16
2017-04-29 4:16,172,156,16
2017-04-29 4:17,173,159,14
2017-04-29 4:18,175,161,14
2017-04-29 4:19,177,163,14
2017-04-29 4:20,178,165,13
2017-04-29 4:21,180,167,13
2017-04-29 4:22,182,169,13
2017-04-29 4:23,184,172,12
2017-04-29 4:24,186,174,12
2017-04-29 4:25,187,176,11
2017-04-29 4:26,189,179,10
2017-04-29 4:27,190,181,9
2017-04-29 4:28,192,183,9
2017-04-29 4:29,194,186,8
2017-04-29 4:30,196,188,8
2017-04-29 4:31,198,191,7
2017-04-29 4:32,201,193,8
2017-04-29 4:33,203,196,7
2017-04-29 4:34,205,198,7
2017-04-29 4:35,207,201,6
2017-04-29 4:36,209,204,5
2017-04-29 4:37,211,206,5
2017-04-29 4:38,213,209,4
2017-04-29 4:39,216,212,4
2017-04-29 4:40,219,214,5
2017-04-29 4:41,221,217,4
2017-04-29 4:42,223,220,3
2017-04-29 4:43,226,223,3
2017-04-29 4:44,229,226,3
2017-04-29 4:45,231,228,3
2017-04-29 4:46,234,231,3
2017-04-29 4:47,237,234,3
2017-04-29 4:48,240,237,3
2017-04-29 4:49,243,240,3
2017-04-29 4:50,245,243,2
2017-04-29 4:51,248,246,2
2017-04-29 4:52,251,249,2
2017-04-29 4:53,254,252,2
2017-04-29 4:54,258,255,3
2017-04-29 4:55,261,258,3
2017-04-29 4:56,263,262,1
2017-04-29 4:57,267,265,2
2017-04-29 4:58,270,268,2
2017-04-29 4:59,273,271,2
2017-04-29 5:00,276,274,2
2017-04-29 5:01,280,278,2
2017-04-29 5:02,283,281,2
2017-04-29 5:03,286,284,2
2017-04-29 5:04,289,287,2
2017-04-29 5:05,293,291,2
2017-04-29 5:06,296,294,2
2017-04-29 5:07,300,298,2
2017-04-29 5:08,303,301,2
2017-04-29 5:09,306,304,2
2017-04-29 5:10,310,308,2
2017-04-29 5:11,313,311,2
2017-04-29 5:12,316,315,1
2017-04-29 5:13,319,318,1
2017-04-29 5:14,322,322,0
2017-04-29 5:15,326,325,1
2017-04-29 5:16,329,329,0
2017-04-29 5:17,333,333,0
2017-04-29 5:18,337,336,1
2017-04-29 5:19,340,340,0
2017-04-29 5:20,343,343,0
2017-04-29 5:21,346,347,-1
2017-04-29 5:22,350,351,-1
2017-04-29 5:23,354,354,0
2017-04-29 5:24,358,358,0
2017-04-29 5:25,361,362,-1
2017-04-29 5:26,365,366,-1
2017-04-29 5:27,368,369,-1
2017-04-29 5:28,372,373,-1
2017-04-29 5:29,376,377,-1
2017-04-29 5:30,380,381,-1
2017-04-29 5:31,383,384,-1
2017-04-29 5:32,388,388,0
2017-04-29 5:33,391,392,-1
2017-04-29 5:34,394,396,-2
2017-04-29 5:35,397,400,-3
2017-04-29 5:36,401,403,-2
2017-04-29 5:37,405,407,-2
2017-04-29 5:38,409,411,-2
2017-04-29 5:39,412,415,-3
2017-04-29 5:40,416,419,-3
2017-04-29 5:41,419,423,-4
2017-04-29 5:42,423,427,-4
2017-04-29 5:43,426,430,-4
2017-04-29 5:44,430,434,-4
2017-04-29 5:45,433,438,-5
2017-04-29 5:46,437,442,-5
2017-04-29 5:47,440,446,-6
2017-04-29 5:48,444,450,-6
2017-04-29 5:49,447,454,-7
2017-04-29 5:50,450,458,-8
2017-04-29 5:51,454,462,-8
2017-04-29 5:52,458,466,-8
2017-04-29 5:53,462,470,-8
2017-04-29 5:54,466,473,-7
2017-04-29 5:55,469,477,-8
2017-04-29 5:56,472,481,-9
2017-04-29 5:57,476,485,-9
2017-04-29 5:58,480,489,-9
2017-04-29 5:59,483,493,-10
2017-04-29 6:00,486,497,-11
2017-04-29 6:01,490,501,-11
2017-04-29 6:02,493,505,-12
2017-04-29 6:03,496,509,-13
2017-04-29 6:04,500,512,-12
2017-04-29 6:05,503,516,-13
2017-04-29 6:06,506,520,-14
2017-04-29 6:07,510,524,-14
2017-04-29 6:08,514,528,-14
2017-04-29 6:09,518,532,-14
2017-04-29 6:10,522,535,-13
2017-04-29 6:11,525,539,-14
2017-04-29 6:12,529,543,-14
2017-04-29 6:13,532,547,-15
2017-04-29 6:14,536,551,-15
2017-04-29 6:15,539,554,-15
2017-04-29 6:16,542,558,-16
2017-04-29 6:17,546,562,-16
2017-04-29 6:18,550,565,-15
2017-04-29 6:19,553,569,-16
2017-04-29 6:20,557,573,-16
2017-04-29 6:21,561,576,-15
2017-04-29 6:22,565,580,-15
2017-04-29 6:23,569,584,-15
2017-04-29 6:24,572,587,-15
2017-04-29 6:25,576,591,-15
2017-04-29 6:26,580,594,-14
2017-04-29 6:27,583,598,-15
2017-04-29 6:28,587,601,-14
2017-04-29 6:29,590,605,-15
2017-04-29 6:30,594,608,-14
2017-04-29 6:31,597,612,-15
2017-04-29 6:32,601,615,-14
2017-04-29 6:33,604,619,-15
2017-04-29 6:34,608,622,-14
2017-04-29 6:35,611,625,-14
2017-04-29 6:36,615,629,-14
2017-04-29 6:37,618,632,-14
2017-04-29 6:38,621,635,-14
2017-04-29 6:39,624,638,-14
2017-04-29 6:40,628,642,-14
2017-04-29 6:41,631,645,-14
2017-04-29 6:42,634,648,-14
2017-04-29 6:43,637,651,-14
2017-04-29 6:44,640,654,-14
2017-04-29 6:45,643,657,-14
2017-04-29 6:46,647,660,-13
2017-04-29 6:47,651,663,-12
2017-04-29 6:48,653,666,-13
2017-04-29 6:49,656,669,-13
2017-04-29 6:50,659,672,-13
2017-04-29 6:51,662,674,-12
2017-04-29 6:52,665,677,-12
2017-04-29 6:53,668,680,-12
2017-04-29 6:54,671,683,-12
2017-04-29 6:55,673,685,-12
2017-04-29 6:56,676,688,-12
2017-04-29 6:57,679,691,-12
2017-04-29 6:58,682,693,-11
2017-04-29 6:59,685,696,-11
2017-04-29 7:00,688,698,-10
2017-04-29 7:01,690,701,-11
2017-04-29 7:02,692,703,-11
2017-04-29 7:03,695,705,-10
2017-04-29 7:04,697,708,-11
2017-04-29 7:05,699,710,-11
2017-04-29 7:06,702,712,-10
2017-04-29 7:07,704,714,-10
2017-04-29 7:08,706,716,-10
2017-04-29 7:09,708,719,-11
2017-04-29 7:10,710,721,-11
2017-04-29 7:11,711,723,-12
2017-04-29 7:12,713,725,-12
2017-04-29 7:13,715,726,-11
2017-04-29 7:14,717,728,-11
2017-04-29 7:15,719,730,-11
2017-04-29 7:16,720,732,-12
2017-04-29 7:17,722,734,-12
2017-04-29 7:18,724,735,-11
2017-04-29 7:19,726,737,-11
2017-04-29 7:20,727,739,-12
2017-04-29 7:21,729,740,-11
2017-04-29 7:22,730,742,-12
2017-04-29 7:23,732,743,-11
2017-04-29 7:24,733,745,-12
2017-04-29 7:25,734,746,-12
2017-04-29 7:26,736,747,-11
2017-04-29 7:27,738,748,-10
2017-04-29 7:28,740,750,-10
2017-04-29 7:29,741,751,-10
2017-04-29 7:30,743,752,-9
2017-04-29 7:31,744,753,-9
2017-04-29 7:32,745,754,-9
2017-04-29 7:33,746,755,-9
2017-04-29 7:34,747,756,-9
2017-04-29 7:35,748,757,-9
2017-04-29 7:36,749,758,-9
2017-04-29 7:37,749,758,-9
2017-04-29 7:38,750,759,-9
2017-04-29 7:39,751,760,-9
2017-04-29 7:40,751,761,-10
2017-04-29 7:41,752,761,-9
2017-04-29 7:42,752,762,-10
2017-04-29 7:43,753,762,-9
2017-04-29 7:44,754,763,-9
2017-04-29 7:45,754,763,-9
2017-04-29 7:46,754,763,-9
2017-04-29 7:47,755,764,-9
2017-04-29 7:48,755,764,-9
2017-04-29 7:49,755,764,-9
2017-04-29 7:50,755,764,-9
2017-04-29 7:51,755,764,-9
2017-04-29 7:52,754,764,-10
2017-04-29 7:53,754,764,-10
2017-04-29 7:54,754,764,-10
2017-04-29 7:55,754,764,-10
2017-04-29 7:56,754,764,-10
2017-04-29 7:57,754,764,-10
2017-04-29 7:58,754,764,-10
2017-04-29 7:59,754,763,-9
2017-04-29 8:00,753,763,-10
2017-04-29 8:01,754,763,-9
2017-04-29 8:02,754,762,-8
2017-04-29 8:03,753,762,-9
2017-04-29 8:04,753,761,-8
2017-04-29 8:05,752,761,-9
2017-04-29 8:06,751,760,-9
2017-04-29 8:07,750,760,-10
2017-04-29 8:08,749,759,-10
2017-04-29 8:09,748,758,-10
2017-04-29 8:10,747,757,-10
2017-04-29 8:11,746,757,-11
2017-04-29 8:12,746,756,-10
2017-04-29 8:13,744,755,-11
2017-04-29 8:14,743,754,-11
2017-04-29 8:15,741,753,-12
2017-04-29 8:16,740,752,-12
2017-04-29 8:17,738,751,-13
2017-04-29 8:18,736,750,-14
2017-04-29 8:19,735,749,-14
2017-04-29 8:20,734,748,-14
2017-04-29 8:21,733,746,-13
2017-04-29 8:22,732,745,-13
2017-04-29 8:23,731,744,-13
2017-04-29 8:24,729,742,-13
2017-04-29 8:25,728,741,-13
2017-04-29 8:26,727,740,-13
2017-04-29 8:27,725,738,-13
2017-04-29 8:28,724,737,-13
2017-04-29 8:29,722,735,-13
2017-04-29 8:30,720,734,-14
2017-04-29 8:31,719,732,-13
2017-04-29 8:32,717,731,-14
2017-04-29 8:33,716,729,-13
2017-04-29 8:34,715,727,-12
2017-04-29 8:35,713,726,-13
2017-04-29 8:36,712,724,-12
2017-04-29 8:37,710,722,-12
2017-04-29 8:38,709,720,-11
2017-04-29 8:39,708,719,-11
2017-04-29 8:40,706,717,-11
2017-04-29 8:41,704,715,-11
2017-04-29 8:42,702,713,-11
2017-04-29 8:43,700,711,-11
2017-04-29 8:44,698,709,-11
2017-04-29 8:45,696,707,-11
2017-04-29 8:46,695,705,-10
2017-04-29 8:47,693,703,-10
2017-04-29 8:48,691,701,-10
2017-04-29 8:49,690,699,-9
2017-04-29 8:50,688,697,-9
2017-04-29 8:51,687,695,-8
2017-04-29 8:52,685,693,-8
2017-04-29 8:53,683,691,-8
2017-04-29 8:54,682,689,-7
2017-04-29 8:55,680,686,-6
2017-04-29 8:56,679,684,-5
2017-04-29 8:57,677,682,-5
2017-04-29 8:58,676,680,-4
2017-04-29 8:59,675,678,-3
2017-04-29 9:00,673,675,-2
2017-04-29 9:01,671,673,-2
2017-04-29 9:02,670,671,-1
2017-04-29 9:03,667,668,-1
2017-04-29 9:04,666,666,0
2017-04-29 9:05,664,664,0
2017-04-29 9:06,663,661,2
2017-04-29 9:07,661,659,2
2017-04-29 9:08,659,657,2
2017-04-29 9:09,657,654,3
2017-04-29 9:10,655,652,3
2017-04-29 9:11,654,649,5
2017-04-29 9:12,652,647,5
2017-04-29 9:13,650,645,5
2017-04-29 9:14,647,642,5
2017-04-29 9:15,646,640,6
2017-04-29 9:16,643,637,6
2017-04-29 9:17,641,635,6
2017-04-29 9:18,640,632,8
2017-04-29 9:19,638,630,8
2017-04-29 9:20,636,627,9
2017-04-29 9:21,634,625,9
2017-04-29 9:22,632,623,9
2017-04-29 9:23,629,620,9
2017-04-29 9:24,627,618,9
2017-04-29 9:25,624,615,9
2017-04-29 9:26,623,613,10
2017-04-29 9:27,620,610,10
2017-04-29 9:28,618,608,10
2017-04-29 9:29,616,605,11
2017-04-29 9:30,614,603,11
2017-04-29 9:31,612,600,12
2017-04-29 9:32,609,598,11
2017-04-29 9:33,607,595,12
2017-04-29 9:34,605,593,12
2017-04-29 9:35,603,590,13
2017-04-29 9:36,601,588,13
2017-04-29 9:37,598,585,13
2017-04-29 9:38,596,583,13
2017-04-29 9:39,594,580,14
2017-04-29 9:40,592,578,14
2017-04-29 9:41,589,576,13
2017-04-29 9:42,587,573,14
2017-04-29 9:43,584,571,13
2017-04-29 9:44,582,568,14
2017-04-29 9:45,580,566,14
2017-04-29 9:46,578,563,15
2017-04-29 9:47,576,561,15
2017-04-29 9:48,573,559,14
2017-04-29 9:49,571,556,15
2017-04-29 9:50,568,554,14
2017-04-29 9:51,566,552,14
2017-04-29 9:52,564,549,15
2017-04-29 9:53,562,547,15
2017-04-29 9:54,560,544,16
2017-04-29 9:55,558,542,16
2017-04-29 9:56,556,540,16
2017-04-29 9:57,554,537,17
2017-04-29 9:58,551,535,16
2017-04-29 9:59,550,533,17
2017-04-29 10:00,547,531,16
2017-04-29 10:01,546,528,18
2017-04-29 10:02,543,526,17
2017-04-29 10:03,541,524,17
2017-04-29 10:04,539,522,17
2017-04-29 10:05,537,519,18
2017-04-29 10:06,534,517,17
2017-04-29 10:07,532,515,17
2017-04-29 10:08,530,513,17
2017-04-29 10:09,528,511,17
2017-04-29 10:10,526,508,18
2017-04-29 10:11,524,506,18
2017-04-29 10:12,522,504,18
2017-04-29 10:13,520,502,18
2017-04-29 10:14,517,500,17
2017-04-29 10:15,515,498,17
2017-04-29 10:16,513,496,17
2017-04-29 10:17,511,494,17
2017-04-29 10:18,509,492,17
2017-04-29 10:19,507,490,17
2017-04-29 10:20,505,488,17
2017-04-29 10:21,503,486,17
2017-04-29 10:22,501,484,17
2017-04-29 10:23,499,482,17
2017-04-29 10:24,497,480,17
2017-04-29 10:25,495,478,17
2017-04-29 10:26,493,476,17
2017-04-29 10:27,491,474,17
2017-04-29 10:28,488,472,16
2017-04-29 10:29,487,470,17
2017-04-29 10:30,485,468,17
2017-04-29 10:31,482,466,16
2017-04-29 10:32,481,464,17
2017-04-29 10:33,478,463,15
2017-04-29 10:34,477,461,16
2017-04-29 10:35,474,459,15
2017-04-29 10:36,472,457,15
2017-04-29 10:37,470,455,15
2017-04-29 10:38,468,454,14
2017-04-29 10:39,466,452,14
2017-04-29 10:40,464,450,14
2017-04-29 10:41,462,448,14
2017-04-29 10:42,460,447,13
2017-04-29 10:43,458,445,13
2017-04-29 10:44,456,443,13
2017-04-29 10:45,454,442,12
2017-04-29 10:46,452,440,12
2017-04-29 10:47,451,438,13
2017-04-29 10:48,449,437,12
2017-04-29 10:49,447,435,12
2017-04-29 10:50,445,433,12
2017-04-29 10:51,443,432,11
2017-04-29 10:52,441,430,11
2017-04-29 10:53,438,429,9
2017-04-29 10:54,437,427,10
2017-04-29 10:55,435,425,10
2017-04-29 10:56,433,424,9
2017-04-29 10:57,431,422,9
2017-04-29 10:58,429,421,8
2017-04-29 10:59,428,419,9
2017-04-29 11:00,426,418,8
2017-04-29 11:01,424,416,8
2017-04-29 11:02,421,415,6
2017-04-29 11:03,420,413,7
2017-04-29 11:04,418,412,6
2017-04-29 11:05,416,410,6
2017-04-29 11:06,414,409,5
2017-04-29 11:07,412,407,5
2017-04-29 11:08,410,406,4
2017-04-29 11:09,409,404,5
2017-04-29 11:10,406,403,3
2017-04-29 11:11,405,402,3
2017-04-29 11:12,403,400,3
2017-04-29 11:13,401,399,2
2017-04-29 11:14,398,397,1
2017-04-29 11:15,397,396,1
2017-04-29 11:16,395,394,1
2017-04-29 11:17,394,393,1
2017-04-29 11:18,392,392,0
2017-04-29 11:19,390,390,0
2017-04-29 11:20,388,389,-1
2017-04-29 11:21,386,388,-2
2017-04-29 11:22,384,386,-2
2017-04-29 11:23,382,385,-3
2017-04-29 11:24,380,384,-4
2017-04-29 11:25,379,382,-3
2017-04-29 11:26,377,381,-4
2017-04-29 11:27,375,379,-4
2017-04-29 11:28,373,378,-5
2017-04-29 11:29,371,377,-6
2017-04-29 11:30,369,375,-6
2017-04-29 11:31,367,374,-7
2017-04-29 11:32,366,373,-7
2017-04-29 11:33,364,371,-7
2017-04-29 11:34,362,370,-8
2017-04-29 11:35,360,369,-9
2017-04-29 11:36,358,367,-9
2017-04-29 11:37,356,366,-10
2017-04-29 11:38,355,365,-10
2017-04-29 11:39,353,364,-11
2017-04-29 11:40,351,362,-11
2017-04-29 11:41,350,361,-11
2017-04-29 11:42,348,360,-12
2017-04-29 11:43,346,358,-12
2017-04-29 11:44,345,357,-12
2017-04-29 11:45,342,356,-14
2017-04-29 11:46,341,354,-13
2017-04-29 11:47,339,353,-14
2017-04-29 11:48,338,352,-14
2017-04-29 11:49,336,350,-14
2017-04-29 11:50,334,349,-15
2017-04-29 11:51,332,348,-16
2017-04-29 11:52,331,346,-15
2017-04-29 11:53,329,345,-16
2017-04-29 11:54,328,344,-16
2017-04-29 11:55,326,342,-16
2017-04-29 11:56,324,341,-17
2017-04-29 11:57,322,340,-18
2017-04-29 11:58,320,338,-18
2017-04-29 11:59,319,337,-18
2017-04-29 12:00,317,336,-19
2017-04-29 12:01,316,334,-18
2017-04-29 12:02,314,333,-19
2017-04-29 12:03,313,332,-19
2017-04-29 12:04,311,330,-19
2017-04-29 12:05,309,329,-20
2017-04-29 12:06,308,328,-20
2017-04-29 12:07,306,326,-20
2017-04-29 12:08,305,325,-20
2017-04-29 12:09,303,323,-20
2017-04-29 12:10,302,322,-20
2017-04-29 12:11,300,321,-21
2017-04-29 12:12,298,319,-21
2017-04-29 12:13,297,318,-21
2017-04-29 12:14,296,316,-20
2017-04-29 12:15,294,315,-21
2017-04-29 12:16,292,314,-22
2017-04-29 12:17,291,312,-21
2017-04-29 12:18,289,311,-22
2017-04-29 12:19,288,309,-21
2017-04-29 12:20,286,308,-22
2017-04-29 12:21,285,307,-22
2017-04-29 12:22,283,305,-22
2017-04-29 12:23,282,304,-22
2017-04-29 12:24,280,302,-22
2017-04-29 12:25,279,301,-22
2017-04-29 12:26,278,299,-21
2017-04-29 12:27,276,298,-22
2017-04-29 12:28,274,296,-22
2017-04-29 12:29,273,295,-22
2017-04-29 12:30,271,294,-23
2017-04-29 12:31,270,292,-22
2017-04-29 12:32,269,291,-22
2017-04-29 12:33,267,289,-22
2017-04-29 12:34,266,288,-22
2017-04-29 12:35,265,286,-21
2017-04-29 12:36,263,285,-22
2017-04-29 12:37,262,283,-21
2017-04-29 12:38,261,282,-21
2017-04-29 12:39,259,280,-21
2017-04-29 12:40,258,279,-21
2017-04-29 12:41,256,277,-21
2017-04-29 12:42,255,276,-21
2017-04-29 12:43,253,274,-21
2017-04-29 12:44,252,273,-21
2017-04-29 12:45,250,271,-21
2017-04-29 12:46,249,270,-21
2017-04-29 12:47,247,268,-21
2017-04-29 12:48,246,267,-21
2017-04-29 12:49,245,265,-20
2017-04-29 12:50,243,264,-21
2017-04-29 12:51,242,262,-20
2017-04-29 12:52,241,261,-20
2017-04-29 12:53,240,259,-19
2017-04-29 12:54,238,257,-19
2017-04-29 12:55,237,256,-19
2017-04-29 12:56,235,254,-19
2017-04-29 12:57,234,253,-19
2017-04-29 12:58,232,251,-19
2017-04-29 12:59,231,250,-19
2017-04-29 13:00,230,248,-18
2017-04-29 13:01,229,247,-18
2017-04-29 13:02,227,245,-18
2017-04-29 13:03,226,244,-18
2017-04-29 13:04,225,242,-17
2017-04-29 13:05,223,240,-17
2017-04-29 13:06,222,239,-17
2017-04-29 13:07,221,237,-16
2017-04-29 13:08,219,236,-17
2017-04-29 13:09,218,234,-16
2017-04-29 13:10,217,233,-16
2017-04-29 13:11,215,231,-16
2017-04-29 13:12,214,230,-16
2017-04-29 13:13,213,228,-15
2017-04-29 13:14,212,226,-14
2017-04-29 13:15,210,225,-15
2017-04-29 13:16,210,223,-13
2017-04-29 13:17,208,222,-14
2017-04-29 13:18,207,220,-13
2017-04-29 13:19,206,219,-13
2017-04-29 13:20,205,217,-12
2017-04-29 13:21,204,216,-12
2017-04-29 13:22,202,214,-12
2017-04-29 13:23,201,213,-12
2017-04-29 13:24,200,211,-11
2017-04-29 13:25,199,210,-11
2017-04-29 13:26,198,208,-10
2017-04-29 13:27,196,207,-11
2017-04-29 13:28,195,205,-10
2017-04-29 13:29,194,203,-9
2017-04-29 13:30,193,202,-9
2017-04-29 13:31,192,201,-9
2017-04-29 13:32,191,199,-8
2017-04-29 13:33,190,198,-8
2017-04-29 13:34,188,196,-8
2017-04-29 13:35,187,195,-8
2017-04-29 13:36,186,193,-7
2017-04-29 13:37,185,192,-7
2017-04-29 13:38,184,190,-6
2017-04-29 13:39,183,189,-6
2017-04-29 13:40,181,187,-6
2017-04-29 13:41,180,186,-6
2017-04-29 13:42,179,184,-5
2017-04-29 13:43,178,183,-5
2017-04-29 13:44,177,182,-5
2017-04-29 13:45,176,180,-4
2017-04-29 13:46,175,179,-4
2017-04-29 13:47,174,177,-3
2017-04-29 13:48,173,176,-3
2017-04-29 13:49,172,175,-3
2017-04-29 13:50,171,173,-2
2017-04-29 13:51,170,172,-2
2017-04-29 13:52,169,170,-1
2017-04-29 13:53,168,169,-1
2017-04-29 13:54,166,168,-2
2017-04-29 13:55,166,166,0
2017-04-29 13:56,164,165,-1
2017-04-29 13:57,163,164,-1
2017-04-29 13:58,162,163,-1
2017-04-29 13:59,161,161,0
2017-04-29 14:00,160,160,0
2017-04-29 14:01,159,159,0
2017-04-29 14:02,158,157,1
2017-04-29 14:03,157,156,1
2017-04-29 14:04,156,155,1
2017-04-29 14:05,155,154,1
2017-04-29 14:06,154,153,1
2017-04-29 14:07,153,151,2
2017-04-29 14:08,152,150,2
2017-04-29 14:09,151,149,2
2017-04-29 14:10,150,148,2
2017-04-29 14:11,149,147,2
2017-04-29 14:12,148,145,3
2017-04-29 14:13,147,144,3
2017-04-29 14:14,146,143,3
2017-04-29 14:15,145,142,3
2017-04-29 14:16,144,141,3
2017-04-29 14:17,143,140,3
2017-04-29 14:18,142,139,3
2017-04-29 14:19,141,138,3
2017-04-29 14:20,140,137,3
2017-04-29 14:21,138,136,2
2017-04-29 14:22,138,135,3
2017-04-29 14:23,136,134,2
2017-04-29 14:24,136,133,3
2017-04-29 14:25,135,132,3
2017-04-29 14:26,134,131,3
2017-04-29 14:27,133,130,3
2017-04-29 14:28,132,129,3
2017-04-29 14:29,131,128,3
2017-04-29 14:30,130,127,3
2017-04-29 14:31,129,126,3
2017-04-29 14:32,128,125,3
2017-04-29 14:33,127,125,2
2017-04-29 14:34,126,124,2
2017-04-29 14:35,125,123,2
2017-04-29 14:36,125,122,3
2017-04-29 14:37,123,121,2
2017-04-29 14:38,122,121,1
2017-04-29 14:39,122,120,2
2017-04-29 14:40,121,119,2
2017-04-29 14:41,120,118,2
2017-04-29 14:42,119,118,1
2017-04-29 14:43,118,117,1
2017-04-29 14:44,117,116,1
2017-04-29 14:45,116,116,0
2017-04-29 14:46,115,115,0
2017-04-29 14:47,113,114,-1
2017-04-29 14:48,112,114,-2
2017-04-29 14:49,111,113,-2
2017-04-29 14:50,110,113,-3
2017-04-29 14:51,109,112,-3
2017-04-29 14:52,109,111,-2
2017-04-29 14:53,107,111,-4
2017-04-29 14:54,106,110,-4
2017-04-29 14:55,106,110,-4
2017-04-29 14:56,105,109,-4
2017-04-29 14:57,105,109,-4
2017-04-29 14:58,104,109,-5
2017-04-29 14:59,101,108,-7
2017-04-29 15:00,100,108,-8
2017-04-29 15:01,99,107,-8
2017-04-29 15:02,100,107,-7
2017-04-29 15:03,99,107,-8
2017-04-29 15:04,96,106,-10
2017-04-29 15:05,97,106,-9
2017-04-29 15:06,96,106,-10
2017-04-29 15:07,95,105,-10
2017-04-29 15:08,95,105,-10
2017-04-29 15:09,94,105,-11
2017-04-29 15:10,93,105,-12
2017-04-29 15:11,92,105,-13
2017-04-29 15:12,92,104,-12
2017-04-29 15:13,91,104,-13
2017-04-29 15:14,90,104,-14
2017-04-29 15:15,89,104,-15
2017-04-29 15:16,89,104,-15
2017-04-29 15:17,88,104,-16
2017-04-29 15:18,86,104,-18
2017-04-29 15:19,86,104,-18
2017-04-29 15:20,86,104,-18
2017-04-29 15:21,85,104,-19
2017-04-29 15:22,84,104,-20
2017-04-29 15:23,84,104,-20
2017-04-29 15:24,83,104,-21
2017-04-29 15:25,83,104,-21
2017-04-29 15:26,82,104,-22
2017-04-29 15:27,82,104,-22
2017-04-29 15:28,82,104,-22
2017-04-29 15:29,81,104,-23
2017-04-29 15:30,81,104,-23
2017-04-29 15:31,81,105,-24
2017-04-29 15:32,81,105,-24
2017-04-29 15:33,81,105,-24
2017-04-29 15:34,81,105,-24
2017-04-29 15:35,81,106,-25
2017-04-29 15:36,82,106,-24
2017-04-29 15:37,81,106,-25
2017-04-29 15:38,82,107,-25
2017-04-29 15:39,82,107,-25
2017-04-29 15:40,83,107,-24
2017-04-29 15:41,84,108,-24
2017-04-29 15:42,85,108,-23
2017-04-29 15:43,86,109,-23
2017-04-29 15:44,88,109,-21
2017-04-29 15:45,89,110,-21
2017-04-29 15:46,91,110,-19
2017-04-29 15:47,93,111,-18
2017-04-29 15:48,96,111,-15
2017-04-29 15:49,98,112,-14
2017-04-29 15:50,100,112,-12
2017-04-29 15:51,102,113,-11
2017-04-29 15:52,106,114,-8
2017-04-29 15:53,108,114,-6
2017-04-29 15:54,111,115,-4
2017-04-29 15:55,114,116,-2
2017-04-29 15:56,116,117,-1
2017-04-29 15:57,119,117,2
2017-04-29 15:58,121,118,3
2017-04-29 15:59,123,119,4
2017-04-29 16:00,125,120,5
2017-04-29 16:01,128,121,7
2017-04-29 16:02,130,122,8
2017-04-29 16:03,132,122,10
2017-04-29 16:04,135,123,12
2017-04-29 16:05,136,124,12
2017-04-29 16:06,138,125,13
2017-04-29 16:07,140,126,14
2017-04-29 16:08,142,127,15
2017-04-29 16:09,144,128,16
2017-04-29 16:10,145,129,16
2017-04-29 16:11,147,130,17
2017-04-29 16:12,149,132,17
2017-04-29 16:13,150,133,17
2017-04-29 16:14,152,134,18
2017-04-29 16:15,153,135,18
2017-04-29 16:16,155,136,19
2017-04-29 16:17,156,138,18
2017-04-29 16:18,158,139,19
2017-04-29 16:19,159,140,19
2017-04-29 16:20,161,141,20
2017-04-29 16:21,163,143,20
2017-04-29 16:22,164,144,20
2017-04-29 16:23,166,145,21
2017-04-29 16:24,167,147,20
2017-04-29 16:25,169,148,21
2017-04-29 16:26,170,150,20
2017-04-29 16:27,171,151,20
2017-04-29 16:28,173,153,20
2017-04-29 16:29,174,154,20
2017-04-29 16:30,175,156,19
2017-04-29 16:31,176,157,19
2017-04-29 16:32,177,159,18
2017-04-29 16:33,179,161,18
2017-04-29 16:34,180,162,18
2017-04-29 16:35,181,164,17
2017-04-29 16:36,182,166,16
2017-04-29 16:37,184,167,17
2017-04-29 16:38,184,169,15
2017-04-29 16:39,185,171,14
2017-04-29 16:40,186,173,13
2017-04-29 16:41,188,175,13
2017-04-29 16:42,189,177,12
2017-04-29 16:43,190,178,12
2017-04-29 16:44,191,180,11
2017-04-29 16:45,192,182,10
2017-04-29 16:46,193,184,9
2017-04-29 16:47,194,186,8
2017-04-29 16:48,196,188,8
2017-04-29 16:49,197,190,7
2017-04-29 16:50,198,192,6
2017-04-29 16:51,199,194,5
2017-04-29 16:52,201,196,5
2017-04-29 16:53,202,199,3
2017-04-29 16:54,204,201,3
2017-04-29 16:55,205,203,2
2017-04-29 16:56,207,205,2
2017-04-29 16:57,208,207,1
2017-04-29 16:58,210,210,0
2017-04-29 16:59,212,212,0
2017-04-29 17:00,214,214,0
2017-04-29 17:01,216,217,-1
2017-04-29 17:02,217,219,-2
2017-04-29 17:03,219,221,-2
2017-04-29 17:04,221,224,-3
2017-04-29 17:05,223,226,-3
2017-04-29 17:06,225,229,-4
2017-04-29 17:07,227,231,-4
2017-04-29 17:08,229,233,-4
2017-04-29 17:09,231,236,-5
2017-04-29 17:10,233,239,-6
2017-04-29 17:11,236,241,-5
2017-04-29 17:12,238,244,-6
2017-04-29 17:13,240,246,-6
2017-04-29 17:14,242,249,-7
2017-04-29 17:15,245,252,-7
2017-04-29 17:16,246,254,-8
2017-04-29 17:17,249,257,-8
2017-04-29 17:18,251,260,-9
2017-04-29 17:19,254,262,-8
2017-04-29 17:20,256,265,-9
2017-04-29 17:21,259,268,-9
2017-04-29 17:22,262,271,-9
2017-04-29 17:23,264,273,-9
2017-04-29 17:24,267,276,-9
2017-04-29 17:25,269,279,-10
2017-04-29 17:26,272,282,-10
2017-04-29 17:27,275,285,-10
2017-04-29 17:28,277,288,-11
2017-04-29 17:29,280,291,-11
2017-04-29 17:30,283,294,-11
2017-04-29 17:31,285,297,-12
2017-04-29 17:32,288,300,-12
2017-04-29 17:33,291,303,-12
2017-04-29 17:34,294,306,-12
2017-04-29 17:35,297,309,-12
2017-04-29 17:36,300,312,-12
2017-04-29 17:37,302,315,-13
2017-04-29 17:38,305,318,-13
2017-04-29 17:39,309,321,-12
2017-04-29 17:40,312,324,-12
2017-04-29 17:41,315,327,-12
2017-04-29 17:42,317,330,-13
2017-04-29 17:43,320,334,-14
2017-04-29 17:44,324,337,-13
2017-04-29 17:45,327,340,-13
2017-04-29 17:46,330,343,-13
2017-04-29 17:47,334,346,-12
2017-04-29 17:48,336,350,-14
2017-04-29 17:49,340,353,-13
2017-04-29 17:50,342,356,-14
2017-04-29 17:51,346,359,-13
2017-04-29 17:52,349,363,-14
2017-04-29 17:53,352,366,-14
2017-04-29 17:54,355,369,-14
2017-04-29 17:55,358,372,-14
2017-04-29 17:56,361,376,-15
2017-04-29 17:57,364,379,-15
2017-04-29 17:58,367,382,-15
2017-04-29 17:59,371,386,-15
2017-04-29 18:00,374,389,-15
2017-04-29 18:01,377,392,-15
2017-04-29 18:02,380,396,-16
2017-04-29 18:03,383,399,-16
2017-04-29 18:04,386,402,-16
2017-04-29 18:05,390,406,-16
2017-04-29 18:06,393,409,-16
2017-04-29 18:07,395,412,-17
2017-04-29 18:08,398,416,-18
2017-04-29 18:09,401,419,-18
2017-04-29 18:10,404,423,-19
2017-04-29 18:11,408,426,-18
2017-04-29 18:12,411,429,-18
2017-04-29 18:13,414,433,-19
2017-04-29 18:14,417,436,-19
2017-04-29 18:15,420,439,-19
2017-04-29 18:16,423,443,-20
2017-04-29 18:17,426,446,-20
2017-04-29 18:18,429,450,-21
2017-04-29 18:19,432,453,-21
2017-04-29 18:20,435,456,-21
2017-04-29 18:21,438,460,-22
2017-04-29 18:22,441,463,-22
2017-04-29 18:23,444,466,-22
2017-04-29 18:24,447,470,-23
2017-04-29 18:25,450,473,-23
2017-04-29 18:26,453,476,-23
2017-04-29 18:27,455,480,-25
2017-04-29 18:28,458,483,-25
2017-04-29 18:29,461,486,-25
2017-04-29 18:30,464,489,-25
2017-04-29 18:31,467,493,-26
2017-04-29 18:32,470,496,-26
2017-04-29 18:33,472,499,-27
2017-04-29 18:34,475,502,-27
2017-04-29 18:35,478,506,-28
2017-04-29 18:36,481,509,-28
2017-04-29 18:37,484,512,-28
2017-04-29 18:38,487,515,-28
2017-04-29 18:39,490,518,-28
2017-04-29 18:40,493,522,-29
2017-04-29 18:41,496,525,-29
2017-04-29 18:42,499,528,-29
2017-04-29 18:43,502,531,-29
2017-04-29 18:44,505,534,-29
2017-04-29 18:45,508,537,-29
2017-04-29 18:46,510,540,-30
2017-04-29 18:47,513,543,-30
2017-04-29 18:48,516,546,-30
2017-04-29 18:49,519,549,-30
2017-04-29 18:50,521,552,-31
2017-04-29 18:51,524,555,-31
2017-04-29 18:52,526,558,-32
2017-04-29 18:53,529,561,-32
2017-04-29 18:54,532,564,-32
2017-04-29 18:55,535,566,-31
2017-04-29 18:56,538,569,-31
2017-04-29 18:57,540,572,-32
2017-04-29 18:58,543,575,-32
2017-04-29 18:59,545,578,-33
2017-04-29 19:00,548,580,-32
2017-04-29 19:01,551,583,-32
2017-04-29 19:02,554,586,-32
2017-04-29 19:03,556,588,-32
2017-04-29 19:04,559,591,-32
2017-04-29 19:05,562,593,-31
2017-04-29 19:06,564,596,-32
2017-04-29 19:07,567,598,-31
2017-04-29 19:08,569,601,-32
2017-04-29 19:09,572,603,-31
2017-04-29 19:10,575,606,-31
2017-04-29 19:11,577,608,-31
2017-04-29 19:12,580,611,-31
2017-04-29 19:13,582,613,-31
2017-04-29 19:14,584,615,-31
2017-04-29 19:15,587,617,-30
2017-04-29 19:16,590,620,-30
2017-04-29 19:17,592,622,-30
2017-04-29 19:18,595,624,-29
2017-04-29 19:19,597,626,-29
2017-04-29 19:20,600,628,-28
2017-04-29 19:21,602,630,-28
2017-04-29 19:22,604,632,-28
2017-04-29 19:23,606,634,-28
2017-04-29 19:24,609,636,-27
2017-04-29 19:25,611,638,-27
2017-04-29 19:26,613,640,-27
2017-04-29 19:27,616,641,-25
2017-04-29 19:28,618,643,-25
2017-04-29 19:29,620,645,-25
2017-04-29 19:30,621,647,-26
2017-04-29 19:31,623,648,-25
2017-04-29 19:32,625,650,-25
2017-04-29 19:33,627,651,-24
2017-04-29 19:34,629,653,-24
2017-04-29 19:35,631,654,-23
2017-04-29 19:36,633,656,-23
2017-04-29 19:37,635,657,-22
2017-04-29 19:38,637,659,-22
2017-04-29 19:39,639,660,-21
2017-04-29 19:40,641,661,-20
2017-04-29 19:41,642,662,-20
2017-04-29 19:42,644,664,-20
2017-04-29 19:43,645,665,-20
2017-04-29 19:44,647,666,-19
2017-04-29 19:45,648,667,-19
2017-04-29 19:46,649,668,-19
2017-04-29 19:47,651,669,-18
2017-04-29 19:48,652,670,-18
2017-04-29 19:49,653,671,-18
2017-04-29 19:50,654,672,-18
2017-04-29 19:51,655,672,-17
2017-04-29 19:52,656,673,-17
2017-04-29 19:53,657,674,-17
2017-04-29 19:54,658,675,-17
2017-04-29 19:55,659,675,-16
2017-04-29 19:56,660,676,-16
2017-04-29 19:57,661,676,-15
2017-04-29 19:58,662,677,-15
2017-04-29 19:59,663,677,-14
2017-04-29 20:00,664,678,-14
2017-04-29 20:01,664,678,-14
2017-04-29 20:02,665,678,-13
2017-04-29 20:03,665,679,-14
2017-04-29 20:04,666,679,-13
2017-04-29 20:05,666,679,-13
2017-04-29 20:06,666,679,-13
2017-04-29 20:07,666,679,-13
2017-04-29 20:08,666,679,-13
2017-04-29 20:09,666,679,-13
2017-04-29 20:10,666,679,-13
2017-04-29 20:11,666,679,-13
2017-04-29 20:12,667,679,-12
2017-04-29 20:13,667,679,-12
2017-04-29 20:14,667,679,-12
2017-04-29 20:15,667,678,-11
2017-04-29 20:16,667,678,-11
2017-04-29 20:17,667,678,-11
2017-04-29 20:18,667,677,-10
2017-04-29 20:19,667,677,-10
2017-04-29 20:20,667,677,-10
2017-04-29 20:21,666,676,-10
2017-04-29 20:22,666,676,-10
2017-04-29 20:23,666,675,-9
2017-04-29 20:24,665,674,-9
2017-04-29 20:25,664,674,-10
2017-04-29 20:26,663,673,-10
2017-04-29 20:27,662,672,-10
2017-04-29 20:28,662,671,-9
2017-04-29 20:29,661,671,-10
2017-04-29 20:30,660,670,-10
2017-04-29 20:31,659,669,-10
2017-04-29 20:32,658,668,-10
2017-04-29 20:33,657,667,-10
2017-04-29 20:34,656,666,-10
2017-04-29 20:35,655,665,-10
2017-04-29 20:36,654,664,-10
2017-04-29 20:37,653,663,-10
2017-04-29 20:38,651,662,-11
2017-04-29 20:39,650,661,-11
2017-04-29 20:40,649,659,-10
2017-04-29 20:41,648,658,-10
2017-04-29 20:42,646,657,-11
2017-04-29 20:43,645,656,-11
2017-04-29 20:44,644,654,-10
2017-04-29 20:45,642,653,-11
2017-04-29 20:46,641,651,-10
2017-04-29 20:47,639,650,-11
2017-04-29 20:48,638,649,-11
2017-04-29 20:49,637,647,-10
2017-04-29 20:50,635,646,-11
2017-04-29 20:51,634,644,-10
2017-04-29 20:52,633,642,-9
2017-04-29 20:53,631,641,-10
2017-04-29 20:54,629,639,-10
2017-04-29 20:55,628,637,-9
2017-04-29 20:56,626,636,-10
2017-04-29 20:57,624,634,-10
2017-04-29 20:58,622,632,-10
2017-04-29 20:59,621,631,-10
2017-04-29 21:00,619,629,-10
2017-04-29 21:01,617,627,-10
2017-04-29 21:02,616,625,-9
2017-04-29 21:03,614,623,-9
2017-04-29 21:04,612,621,-9
2017-04-29 21:05,611,620,-9
2017-04-29 21:06,609,618,-9
2017-04-29 21:07,608,616,-8
2017-04-29 21:08,606,614,-8
2017-04-29 21:09,604,612,-8
2017-04-29 21:10,603,610,-7
2017-04-29 21:11,601,608,-7
2017-04-29 21:12,599,606,-7
2017-04-29 21:13,598,604,-6
2017-04-29 21:14,596,602,-6
2017-04-29 21:15,594,600,-6
2017-04-29 21:16,593,597,-4
2017-04-29 21:17,591,595,-4
2017-04-29 21:18,589,593,-4
2017-04-29 21:19,588,591,-3
2017-04-29 21:20,586,589,-3
2017-04-29 21:21,584,587,-3
2017-04-29 21:22,582,585,-3
2017-04-29 21:23,580,582,-2
2017-04-29 21:24,579,580,-1
2017-04-29 21:25,578,578,0
2017-04-29 21:26,575,576,-1
2017-04-29 21:27,574,574,0
2017-04-29 21:28,572,571,1
2017-04-29 21:29,570,569,1
2017-04-29 21:30,568,567,1
2017-04-29 21:31,566,565,1
2017-04-29 21:32,564,562,2
2017-04-29 21:33,563,560,3
2017-04-29 21:34,561,558,3
2017-04-29 21:35,559,555,4
2017-04-29 21:36,557,553,4
2017-04-29 21:37,555,551,4
2017-04-29 21:38,552,549,3
2017-04-29 21:39,551,546,5
2017-04-29 21:40,548,544,4
2017-04-29 21:41,546,542,4
2017-04-29 21:42,544,539,5
2017-04-29 21:43,542,537,5
2017-04-29 21:44,540,535,5
2017-04-29 21:45,538,533,5
2017-04-29 21:46,537,530,7
2017-04-29 21:47,534,528,6
2017-04-29 21:48,533,526,7
2017-04-29 21:49,530,523,7
2017-04-29 21:50,528,521,7
2017-04-29 21:51,526,519,7
2017-04-29 21:52,524,517,7
2017-04-29 21:53,523,514,9
2017-04-29 21:54,521,512,9
2017-04-29 21:55,519,510,9
2017-04-29 21:56,517,507,10
2017-04-29 21:57,515,505,10
2017-04-29 21:58,513,503,10
2017-04-29 21:59,511,501,10
2017-04-29 22:00,509,498,11
2017-04-29 22:01,507,496,11
2017-04-29 22:02,505,494,11
2017-04-29 22:03,503,492,11
2017-04-29 22:04,501,490,11
2017-04-29 22:05,499,487,12
2017-04-29 22:06,497,485,12
2017-04-29 22:07,495,483,12
2017-04-29 22:08,493,481,12
2017-04-29 22:09,491,479,12
2017-04-29 22:10,489,476,13
2017-04-29 22:11,487,474,13
2017-04-29 22:12,485,472,13
2017-04-29 22:13,483,470,13
2017-04-29 22:14,481,468,13
2017-04-29 22:15,479,466,13
2017-04-29 22:16,477,464,13
2017-04-29 22:17,475,462,13
2017-04-29 22:18,473,459,14
2017-04-29 22:19,471,457,14
2017-04-29 22:20,469,455,14
2017-04-29 22:21,467,453,14
2017-04-29 22:22,465,451,14
2017-04-29 22:23,463,449,14
2017-04-29 22:24,461,447,14
2017-04-29 22:25,459,445,14
2017-04-29 22:26,457,443,14
2017-04-29 22:27,455,441,14
2017-04-29 22:28,453,439,14
2017-04-29 22:29,451,437,14
2017-04-29 22:30,449,436,13
2017-04-29 22:31,447,434,13
2017-04-29 22:32,446,432,14
2017-04-29 22:33,444,430,14
2017-04-29 22:34,442,428,14
2017-04-29 22:35,440,426,14
2017-04-29 22:36,438,424,14
2017-04-29 22:37,435,422,13
2017-04-29 22:38,434,421,13
2017-04-29 22:39,432,419,13
2017-04-29 22:40,430,417,13
2017-04-29 22:41,428,415,13
2017-04-29 22:42,426,414,12
2017-04-29 22:43,425,412,13
2017-04-29 22:44,423,410,13
2017-04-29 22:45,421,408,13
2017-04-29 22:46,419,407,12
2017-04-29 22:47,417,405,12
2017-04-29 22:48,415,403,12
2017-04-29 22:49,413,402,11
2017-04-29 22:50,411,400,11
2017-04-29 22:51,409,398,11
2017-04-29 22:52,408,397,11
2017-04-29 22:53,405,395,10
2017-04-29 22:54,404,394,10
2017-04-29 22:55,402,392,10
2017-04-29 22:56,400,390,10
2017-04-29 22:57,398,389,9
2017-04-29 22:58,396,387,9
2017-04-29 22:59,394,386,8
2017-04-29 23:00,393,384,9
2017-04-29 23:01,391,383,8
2017-04-29 23:02,389,381,8
2017-04-29 23:03,388,380,8
2017-04-29 23:04,386,378,8
2017-04-29 23:05,384,377,7
2017-04-29 23:06,382,375,7
2017-04-29 23:07,380,374,6
2017-04-29 23:08,378,373,5
2017-04-29 23:09,377,371,6
2017-04-29 23:10,375,370,5
2017-04-29 23:11,374,368,6
2017-04-29 23:12,372,367,5
2017-04-29 23:13,370,366,4
2017-04-29 23:14,368,364,4
2017-04-29 23:15,367,363,4
2017-04-29 23:16,365,362,3
2017-04-29 23:17,363,360,3
2017-04-29 23:18,361,359,2
2017-04-29 23:19,360,358,2
2017-04-29 23:20,358,356,2
2017-04-29 23:21,356,355,1
2017-04-29 23:22,355,354,1
2017-04-29 23:23,353,353,0
2017-04-29 23:24,351,351,0
2017-04-29 23:25,350,350,0
2017-04-29 23:26,348,349,-1
2017-04-29 23:27,346,348,-2
2017-04-29 23:28,344,346,-2
2017-04-29 23:29,342,345,-3
2017-04-29 23:30,341,344,-3
2017-04-29 23:31,339,343,-4
2017-04-29 23:32,338,341,-3
2017-04-29 23:33,336,340,-4
2017-04-29 23:34,335,339,-4
2017-04-29 23:35,333,338,-5
2017-04-29 23:36,331,337,-6
2017-04-29 23:37,330,336,-6
2017-04-29 23:38,328,334,-6
2017-04-29 23:39,326,333,-7
2017-04-29 23:40,325,332,-7
2017-04-29 23:41,323,331,-8
2017-04-29 23:42,321,330,-9
2017-04-29 23:43,320,329,-9
2017-04-29 23:44,318,327,-9
2017-04-29 23:45,317,326,-9
2017-04-29 23:46,315,325,-10
2017-04-29 23:47,314,324,-10
2017-04-29 23:48,312,323,-11
2017-04-29 23:49,310,322,-12
2017-04-29 23:50,309,321,-12
2017-04-29 23:51,307,319,-12
2017-04-29 23:52,306,318,-12
2017-04-29 23:53,304,317,-13
2017-04-29 23:54,302,316,-14
2017-04-29 23:55,301,315,-14
2017-04-29 23:56,299,314,-15
2017-04-29 23:57,298,313,-15
2017-04-29 23:58,297,312,-15
2017-04-29 23:59,295,310,-15
2017-04-30 0:00,294,309,-15
2017-04-30 0:01,292,308,-16
2017-04-30 0:02,290,307,-17
2017-04-30 0:03,289,306,-17
2017-04-30 0:04,287,305,-18
2017-04-30 0:05,285,304,-19
2017-04-30 0:06,284,303,-19
2017-04-30 0:07,282,301,-19
2017-04-30 0:08,281,300,-19
2017-04-30 0:09,279,299,-20
2017-04-30 0:10,278,298,-20
2017-04-30 0:11,277,297,-20
2017-04-30 0:12,275,296,-21
2017-04-30 0:13,274,295,-21
2017-04-30 0:14,272,293,-21
2017-04-30 0:15,270,292,-22
2017-04-30 0:16,269,291,-22
2017-04-30 0:17,268,290,-22
2017-04-30 0:18,266,289,-23
2017-04-30 0:19,265,288,-23
2017-04-30 0:20,263,286,-23
2017-04-30 0:21,262,285,-23
2017-04-30 0:22,261,284,-23
2017-04-30 0:23,260,283,-23
2017-04-30 0:24,258,282,-24
2017-04-30 0:25,257,281,-24
2017-04-30 0:26,255,279,-24
2017-04-30 0:27,254,278,-24
2017-04-30 0:28,252,277,-25
2017-04-30 0:29,251,276,-25
2017-04-30 0:30,250,274,-24
2017-04-30 0:31,248,273,-25
2017-04-30 0:32,247,272,-25
2017-04-30 0:33,245,271,-26
2017-04-30 0:34,244,270,-26
2017-04-30 0:35,243,268,-25
2017-04-30 0:36,242,267,-25
2017-04-30 0:37,240,266,-26
2017-04-30 0:38,239,265,-26
2017-04-30 0:39,237,263,-26
2017-04-30 0:40,236,262,-26
2017-04-30 0:41,234,261,-27
2017-04-30 0:42,233,260,-27
2017-04-30 0:43,232,258,-26
2017-04-30 0:44,231,257,-26
2017-04-30 0:45,229,256,-27
2017-04-30 0:46,228,254,-26
2017-04-30 0:47,227,253,-26
2017-04-30 0:48,225,252,-27
2017-04-30 0:49,224,250,-26
2017-04-30 0:50,223,249,-26
2017-04-30 0:51,222,248,-26
2017-04-30 0:52,221,246,-25
2017-04-30 0:53,219,245,-26
2017-04-30 0:54,218,244,-26
2017-04-30 0:55,216,242,-26
2017-04-30 0:56,215,241,-26
2017-04-30 0:57,214,240,-26
2017-04-30 0:58,213,238,-25
2017-04-30 0:59,211,237,-26
2017-04-30 1:00,210,236,-26
2017-04-30 1:01,209,234,-25
2017-04-30 1:02,208,233,-25
2017-04-30 1:03,206,232,-26
2017-04-30 1:04,205,230,-25
2017-04-30 1:05,204,229,-25
2017-04-30 1:06,202,227,-25
2017-04-30 1:07,201,226,-25
2017-04-30 1:08,200,225,-25
2017-04-30 1:09,199,223,-24
2017-04-30 1:10,197,222,-25
2017-04-30 1:11,196,220,-24
2017-04-30 1:12,195,219,-24
2017-04-30 1:13,194,217,-23
2017-04-30 1:14,192,216,-24
2017-04-30 1:15,191,215,-24
2017-04-30 1:16,190,213,-23
2017-04-30 1:17,189,212,-23
2017-04-30 1:18,188,210,-22
2017-04-30 1:19,186,209,-23
2017-04-30 1:20,185,207,-22
2017-04-30 1:21,184,206,-22
2017-04-30 1:22,183,205,-22
2017-04-30 1:23,182,203,-21
2017-04-30 1:24,180,202,-22
2017-04-30 1:25,179,200,-21
2017-04-30 1:26,178,199,-21
2017-04-30 1:27,177,197,-20
2017-04-30 1:28,175,196,-21
2017-04-30 1:29,174,194,-20
2017-04-30 1:30,173,193,-20
2017-04-30 1:31,172,192,-20
2017-04-30 1:32,171,190,-19
2017-04-30 1:33,170,189,-19
2017-04-30 1:34,169,187,-18
2017-04-30 1:35,168,186,-18
2017-04-30 1:36,167,184,-17
2017-04-30 1:37,166,183,-17
2017-04-30 1:38,164,181,-17
2017-04-30 1:39,163,180,-17
2017-04-30 1:40,162,178,-16
2017-04-30 1:41,161,177,-16
2017-04-30 1:42,159,176,-17
2017-04-30 1:43,158,174,-16
2017-04-30 1:44,157,173,-16
2017-04-30 1:45,156,171,-15
2017-04-30 1:46,155,170,-15
2017-04-30 1:47,154,168,-14
2017-04-30 1:48,153,167,-14
2017-04-30 1:49,152,166,-14
2017-04-30 1:50,151,164,-13
2017-04-30 1:51,150,163,-13
2017-04-30 1:52,149,161,-12
2017-04-30 1:53,148,160,-12
2017-04-30 1:54,146,159,-13
2017-04-30 1:55,145,157,-12
2017-04-30 1:56,144,156,-12
2017-04-30 1:57,143,154,-11
2017-04-30 1:58,142,153,-11
2017-04-30 1:59,141,152,-11
2017-04-30 2:00,139,150,-11
2017-04-30 2:01,138,149,-11
2017-04-30 2:02,137,148,-11
2017-04-30 2:03,136,146,-10
2017-04-30 2:04,135,145,-10
2017-04-30 2:05,134,144,-10
2017-04-30 2:06,133,142,-9
2017-04-30 2:07,132,141,-9
2017-04-30 2:08,131,140,-9
2017-04-30 2:09,130,138,-8
2017-04-30 2:10,129,137,-8
2017-04-30 2:11,128,136,-8
2017-04-30 2:12,127,134,-7
2017-04-30 2:13,126,133,-7
2017-04-30 2:14,125,132,-7
2017-04-30 2:15,124,131,-7
2017-04-30 2:16,122,129,-7
2017-04-30 2:17,121,128,-7
2017-04-30 2:18,120,127,-7
2017-04-30 2:19,119,126,-7
2017-04-30 2:20,118,124,-6
2017-04-30 2:21,117,123,-6
2017-04-30 2:22,116,122,-6
2017-04-30 2:23,115,121,-6
2017-04-30 2:24,114,120,-6
2017-04-30 2:25,113,119,-6
2017-04-30 2:26,113,117,-4
2017-04-30 2:27,111,116,-5
2017-04-30 2:28,111,115,-4
2017-04-30 2:29,109,114,-5
2017-04-30 2:30,109,113,-4
2017-04-30 2:31,108,112,-4
2017-04-30 2:32,106,111,-5
2017-04-30 2:33,105,110,-5
2017-04-30 2:34,104,109,-5
2017-04-30 2:35,103,108,-5
2017-04-30 2:36,102,107,-5
2017-04-30 2:37,101,106,-5
2017-04-30 2:38,100,105,-5
2017-04-30 2:39,99,104,-5
2017-04-30 2:40,98,103,-5
2017-04-30 2:41,98,102,-4
2017-04-30 2:42,97,101,-4
2017-04-30 2:43,96,100,-4
2017-04-30 2:44,95,99,-4
2017-04-30 2:45,94,98,-4
2017-04-30 2:46,93,97,-4
2017-04-30 2:47,92,96,-4
2017-04-30 2:48,91,96,-5
2017-04-30 2:49,90,95,-5
2017-04-30 2:50,89,94,-5
2017-04-30 2:51,88,93,-5
2017-04-30 2:52,88,92,-4
2017-04-30 2:53,87,92,-5
2017-04-30 2:54,86,91,-5
2017-04-30 2:55,85,90,-5
2017-04-30 2:56,84,89,-5
2017-04-30 2:57,83,89,-6
2017-04-30 2:58,82,88,-6
2017-04-30 2:59,81,87,-6
2017-04-30 3:00,80,87,-7
2017-04-30 3:01,79,86,-7
2017-04-30 3:02,78,85,-7
2017-04-30 3:03,78,85,-7
2017-04-30 3:04,77,84,-7
2017-04-30 3:05,76,84,-8
2017-04-30 3:06,75,83,-8
2017-04-30 3:07,74,82,-8
2017-04-30 3:08,73,82,-9
2017-04-30 3:09,72,81,-9
2017-04-30 3:10,72,81,-9
2017-04-30 3:11,71,81,-10
2017-04-30 3:12,70,80,-10
2017-04-30 3:13,69,80,-11
2017-04-30 3:14,69,79,-10
2017-04-30 3:15,68,79,-11
2017-04-30 3:16,67,78,-11
2017-04-30 3:17,66,78,-12
2017-04-30 3:18,65,78,-13
2017-04-30 3:19,65,77,-12
2017-04-30 3:20,64,77,-13
2017-04-30 3:21,63,77,-14
2017-04-30 3:22,62,77,-15
2017-04-30 3:23,61,76,-15
2017-04-30 3:24,61,76,-15
2017-04-30 3:25,60,76,-16
2017-04-30 3:26,59,76,-17
2017-04-30 3:27,58,76,-18
2017-04-30 3:28,58,76,-18
2017-04-30 3:29,57,75,-18
2017-04-30 3:30,56,75,-19
2017-04-30 3:31,56,75,-19
2017-04-30 3:32,55,75,-20
2017-04-30 3:33,55,75,-20
2017-04-30 3:34,54,75,-21
2017-04-30 3:35,53,75,-22
2017-04-30 3:36,53,75,-22
2017-04-30 3:37,52,75,-23
2017-04-30 3:38,52,75,-23
2017-04-30 3:39,52,75,-23
2017-04-30 3:40,51,76,-25
2017-04-30 3:41,51,76,-25
2017-04-30 3:42,51,76,-25
2017-04-30 3:43,51,76,-25
2017-04-30 3:44,50,76,-26
2017-04-30 3:45,50,77,-27
2017-04-30 3:46,51,77,-26
2017-04-30 3:47,51,77,-26
2017-04-30 3:48,51,77,-26
2017-04-30 3:49,52,78,-26
2017-04-30 3:50,52,78,-26
2017-04-30 3:51,54,78,-24
2017-04-30 3:52,55,79,-24
2017-04-30 3:53,56,79,-23
2017-04-30 3:54,57,80,-23
2017-04-30 3:55,59,80,-21
2017-04-30 3:56,61,81,-20
2017-04-30 3:57,64,81,-17
2017-04-30 3:58,67,82,-15
2017-04-30 3:59,70,82,-12
2017-04-30 4:00,73,83,-10
2017-04-30 4:01,76,83,-7
2017-04-30 4:02,79,84,-5
2017-04-30 4:03,81,84,-3
2017-04-30 4:04,84,85,-1
2017-04-30 4:05,86,86,0
2017-04-30 4:06,89,87,2
2017-04-30 4:07,91,87,4
2017-04-30 4:08,93,88,5
2017-04-30 4:09,95,89,6
2017-04-30 4:10,97,90,7
2017-04-30 4:11,98,90,8
2017-04-30 4:12,100,91,9
2017-04-30 4:13,101,92,9
2017-04-30 4:14,103,93,10
2017-04-30 4:15,105,94,11
2017-04-30 4:16,107,95,12
2017-04-30 4:17,109,96,13
2017-04-30 4:18,111,97,14
2017-04-30 4:19,113,98,15
2017-04-30 4:20,114,99,15
2017-04-30 4:21,116,100,16
2017-04-30 4:22,117,101,16
2017-04-30 4:23,118,102,16
2017-04-30 4:24,120,103,17
2017-04-30 4:25,122,105,17
2017-04-30 4:26,124,106,18
2017-04-30 4:27,127,107,20
2017-04-30 4:28,128,108,20
2017-04-30 4:29,130,110,20
2017-04-30 4:30,131,111,20
2017-04-30 4:31,133,112,21
2017-04-30 4:32,135,114,21
2017-04-30 4:33,136,115,21
2017-04-30 4:34,138,116,22
2017-04-30 4:35,140,118,22
2017-04-30 4:36,142,119,23
2017-04-30 4:37,143,121,22
2017-04-30 4:38,146,122,24
2017-04-30 4:39,147,124,23
2017-04-30 4:40,149,125,24
2017-04-30 4:41,150,127,23
2017-04-30 4:42,151,129,22
2017-04-30 4:43,152,130,22
2017-04-30 4:44,154,132,22
2017-04-30 4:45,155,134,21
2017-04-30 4:46,156,135,21
2017-04-30 4:47,158,137,21
2017-04-30 4:48,159,139,20
2017-04-30 4:49,161,141,20
2017-04-30 4:50,162,143,19
2017-04-30 4:51,164,144,20
2017-04-30 4:52,166,146,20
2017-04-30 4:53,167,148,19
2017-04-30 4:54,169,150,19
2017-04-30 4:55,170,152,18
2017-04-30 4:56,172,154,18
2017-04-30 4:57,174,156,18
2017-04-30 4:58,175,158,17
2017-04-30 4:59,177,160,17
2017-04-30 5:00,179,162,17
2017-04-30 5:01,180,164,16
2017-04-30 5:02,182,167,15
2017-04-30 5:03,183,169,14
2017-04-30 5:04,185,171,14
2017-04-30 5:05,187,173,14
2017-04-30 5:06,188,176,12
2017-04-30 5:07,190,178,12
2017-04-30 5:08,192,180,12
2017-04-30 5:09,194,182,12
2017-04-30 5:10,196,185,11
2017-04-30 5:11,198,187,11
2017-04-30 5:12,200,190,10
2017-04-30 5:13,203,192,11
2017-04-30 5:14,205,195,10
2017-04-30 5:15,207,197,10
2017-04-30 5:16,209,200,9
2017-04-30 5:17,211,202,9
2017-04-30 5:18,214,205,9
2017-04-30 5:19,216,207,9
2017-04-30 5:20,219,210,9
2017-04-30 5:21,222,212,10
2017-04-30 5:22,224,215,9
2017-04-30 5:23,227,218,9
2017-04-30 5:24,229,221,8
2017-04-30 5:25,232,223,9
2017-04-30 5:26,235,226,9
2017-04-30 5:27,238,229,9
2017-04-30 5:28,241,232,9
2017-04-30 5:29,244,234,10
2017-04-30 5:30,246,237,9
2017-04-30 5:31,249,240,9
2017-04-30 5:32,252,243,9
2017-04-30 5:33,255,246,9
2017-04-30 5:34,258,249,9
2017-04-30 5:35,261,252,9
2017-04-30 5:36,265,255,10
2017-04-30 5:37,267,258,9
2017-04-30 5:38,271,261,10
2017-04-30 5:39,274,264,10
2017-04-30 5:40,277,267,10
2017-04-30 5:41,280,270,10
2017-04-30 5:42,283,273,10
2017-04-30 5:43,286,277,9
2017-04-30 5:44,290,280,10
2017-04-30 5:45,293,283,10
2017-04-30 5:46,296,286,10
2017-04-30 5:47,299,289,10
2017-04-30 5:48,303,293,10
2017-04-30 5:49,306,296,10
2017-04-30 5:50,310,299,11
2017-04-30 5:51,313,303,10
2017-04-30 5:52,316,306,10
2017-04-30 5:53,319,309,10
2017-04-30 5:54,323,313,10
2017-04-30 5:55,326,316,10
2017-04-30 5:56,330,319,11
2017-04-30 5:57,333,323,10
2017-04-30 5:58,336,326,10
2017-04-30 5:59,340,330,10
2017-04-30 6:00,343,333,10
2017-04-30 6:01,347,337,10
2017-04-30 6:02,350,340,10
2017-04-30 6:03,354,344,10
2017-04-30 6:04,357,347,10
2017-04-30 6:05,361,351,10
2017-04-30 6:06,364,354,10
2017-04-30 6:07,368,358,10
2017-04-30 6:08,372,361,11
2017-04-30 6:09,375,365,10
2017-04-30 6:10,379,368,11
2017-04-30 6:11,382,372,10
2017-04-30 6:12,385,376,9
2017-04-30 6:13,388,379,9
2017-04-30 6:14,392,383,9
2017-04-30 6:15,396,386,10
2017-04-30 6:16,399,390,9
2017-04-30 6:17,403,394,9
2017-04-30 6:18,407,397,10
2017-04-30 6:19,410,401,9
2017-04-30 6:20,413,405,8
2017-04-30 6:21,417,408,9
2017-04-30 6:22,421,412,9
2017-04-30 6:23,424,416,8
2017-04-30 6:24,427,420,7
2017-04-30 6:25,431,423,8
2017-04-30 6:26,434,427,7
2017-04-30 6:27,437,431,6
2017-04-30 6:28,440,434,6
2017-04-30 6:29,444,438,6
2017-04-30 6:30,447,442,5
2017-04-30 6:31,451,446,5
2017-04-30 6:32,454,449,5
2017-04-30 6:33,458,453,5
2017-04-30 6:34,461,457,4
2017-04-30 6:35,464,460,4
2017-04-30 6:36,467,464,3
2017-04-30 6:37,471,468,3
2017-04-30 6:38,474,472,2
2017-04-30 6:39,477,475,2
2017-04-30 6:40,481,479,2
2017-04-30 6:41,484,483,1
2017-04-30 6:42,487,486,1
2017-04-30 6:43,490,490,0
2017-04-30 6:44,493,494,-1
2017-04-30 6:45,497,497,0
2017-04-30 6:46,501,501,0
2017-04-30 6:47,504,505,-1
2017-04-30 6:48,508,508,0
2017-04-30 6:49,511,512,-1
2017-04-30 6:50,514,516,-2
2017-04-30 6:51,517,519,-2
2017-04-30 6:52,521,523,-2
2017-04-30 6:53,524,526,-2
2017-04-30 6:54,528,530,-2
2017-04-30 6:55,531,534,-3
2017-04-30 6:56,535,537,-2
2017-04-30 6:57,538,541,-3
2017-04-30 6:58,541,544,-3
2017-04-30 6:59,544,548,-4
2017-04-30 7:00,547,551,-4
2017-04-30 7:01,551,555,-4
2017-04-30 7:02,555,558,-3
2017-04-30 7:03,558,561,-3
2017-04-30 7:04,562,565,-3
2017-04-30 7:05,565,568,-3
2017-04-30 7:06,568,572,-4
2017-04-30 7:07,572,575,-3
2017-04-30 7:08,575,578,-3
2017-04-30 7:09,579,582,-3
2017-04-30 7:10,582,585,-3
2017-04-30 7:11,586,588,-2
2017-04-30 7:12,589,592,-3
2017-04-30 7:13,593,595,-2
2017-04-30 7:14,596,598,-2
2017-04-30 7:15,599,601,-2
2017-04-30 7:16,603,604,-1
2017-04-30 7:17,606,607,-1
2017-04-30 7:18,609,611,-2
2017-04-30 7:19,612,614,-2
2017-04-30 7:20,615,617,-2
2017-04-30 7:21,618,620,-2
2017-04-30 7:22,621,623,-2
2017-04-30 7:23,624,626,-2
2017-04-30 7:24,628,629,-1
2017-04-30 7:25,632,632,0
2017-04-30 7:26,635,634,1
2017-04-30 7:27,638,637,1
2017-04-30 7:28,641,640,1
2017-04-30 7:29,644,643,1
2017-04-30 7:30,647,646,1
2017-04-30 7:31,650,648,2
2017-04-30 7:32,653,651,2
2017-04-30 7:33,656,654,2
2017-04-30 7:34,658,656,2
2017-04-30 7:35,660,659,1
2017-04-30 7:36,663,661,2
2017-04-30 7:37,666,664,2
2017-04-30 7:38,668,666,2
2017-04-30 7:39,671,669,2
2017-04-30 7:40,673,671,2
2017-04-30 7:41,675,674,1
2017-04-30 7:42,678,676,2
2017-04-30 7:43,681,678,3
2017-04-30 7:44,684,680,4
2017-04-30 7:45,686,683,3
2017-04-30 7:46,689,685,4
2017-04-30 7:47,691,687,4
2017-04-30 7:48,693,689,4
2017-04-30 7:49,695,691,4
2017-04-30 7:50,697,693,4
2017-04-30 7:51,699,695,4
2017-04-30 7:52,701,697,4
2017-04-30 7:53,703,699,4
2017-04-30 7:54,705,701,4
2017-04-30 7:55,707,703,4
2017-04-30 7:56,709,704,5
2017-04-30 7:57,711,706,5
2017-04-30 7:58,712,708,4
2017-04-30 7:59,714,709,5
2017-04-30 8:00,715,711,4
2017-04-30 8:01,717,712,5
2017-04-30 8:02,719,714,5
2017-04-30 8:03,720,715,5
2017-04-30 8:04,722,717,5
2017-04-30 8:05,724,718,6
2017-04-30 8:06,725,720,5
2017-04-30 8:07,727,721,6
2017-04-30 8:08,728,722,6
2017-04-30 8:09,730,723,7
2017-04-30 8:10,731,724,7
2017-04-30 8:11,732,726,6
2017-04-30 8:12,733,727,6
2017-04-30 8:13,734,728,6
2017-04-30 8:14,735,729,6
2017-04-30 8:15,736,730,6
2017-04-30 8:16,737,730,7
2017-04-30 8:17,738,731,7
2017-04-30 8:18,739,732,7
2017-04-30 8:19,739,733,6
2017-04-30 8:20,740,733,7
2017-04-30 8:21,741,734,7
2017-04-30 8:22,742,735,7
2017-04-30 8:23,742,735,7
2017-04-30 8:24,743,736,7
2017-04-30 8:25,744,736,8
2017-04-30 8:26,744,737,7
2017-04-30 8:27,745,737,8
2017-04-30 8:28,745,737,8
2017-04-30 8:29,746,738,8
2017-04-30 8:30,746,738,8
2017-04-30 8:31,746,738,8
2017-04-30 8:32,746,738,8
2017-04-30 8:33,745,739,6
2017-04-30 8:34,745,739,6
2017-04-30 8:35,745,739,6
2017-04-30 8:36,745,739,6
2017-04-30 8:37,745,739,6
2017-04-30 8:38,745,738,7
2017-04-30 8:39,745,738,7
2017-04-30 8:40,745,738,7
2017-04-30 8:41,744,738,6
2017-04-30 8:42,744,738,6
2017-04-30 8:43,743,737,6
2017-04-30 8:44,743,737,6
2017-04-30 8:45,742,737,5
2017-04-30 8:46,742,736,6
2017-04-30 8:47,741,736,5
2017-04-30 8:48,741,735,6
2017-04-30 8:49,740,735,5
2017-04-30 8:50,739,734,5
2017-04-30 8:51,739,733,6
2017-04-30 8:52,738,733,5
2017-04-30 8:53,738,732,6
2017-04-30 8:54,737,731,6
2017-04-30 8:55,736,730,6
2017-04-30 8:56,735,730,5
2017-04-30 8:57,734,729,5
2017-04-30 8:58,733,728,5
2017-04-30 8:59,732,727,5
2017-04-30 9:00,730,726,4
2017-04-30 9:01,729,725,4
2017-04-30 9:02,728,724,4
2017-04-30 9:03,727,723,4
2017-04-30 9:04,726,722,4
2017-04-30 9:05,725,721,4
2017-04-30 9:06,724,719,5
2017-04-30 9:07,722,718,4
2017-04-30 9:08,721,717,4
2017-04-30 9:09,720,716,4
2017-04-30 9:10,718,714,4
2017-04-30 9:11,717,713,4
2017-04-30 9:12,716,712,4
2017-04-30 9:13,714,710,4
2017-04-30 9:14,713,709,4
2017-04-30 9:15,712,707,5
2017-04-30 9:16,711,706,5
2017-04-30 9:17,709,704,5
2017-04-30 9:18,708,703,5
2017-04-30 9:19,707,701,6
2017-04-30 9:20,705,699,6
2017-04-30 9:21,703,698,5
2017-04-30 9:22,701,696,5
2017-04-30 9:23,700,694,6
2017-04-30 9:24,698,693,5
2017-04-30 9:25,696,691,5
2017-04-30 9:26,695,689,6
2017-04-30 9:27,693,687,6
2017-04-30 9:28,692,686,6
2017-04-30 9:29,690,684,6
2017-04-30 9:30,688,682,6
2017-04-30 9:31,687,680,7
2017-04-30 9:32,685,678,7
2017-04-30 9:33,683,676,7
2017-04-30 9:34,682,674,8
2017-04-30 9:35,680,672,8
2017-04-30 9:36,678,670,8
2017-04-30 9:37,677,668,9
2017-04-30 9:38,675,666,9
2017-04-30 9:39,674,664,10
2017-04-30 9:40,672,662,10
2017-04-30 9:41,671,660,11
2017-04-30 9:42,669,658,11
2017-04-30 9:43,668,656,12
2017-04-30 9:44,666,654,12
2017-04-30 9:45,665,652,13
2017-04-30 9:46,663,650,13
2017-04-30 9:47,662,648,14
2017-04-30 9:48,660,645,15
2017-04-30 9:49,658,643,15
2017-04-30 9:50,657,641,16
2017-04-30 9:51,655,639,16
2017-04-30 9:52,654,637,17
2017-04-30 9:53,652,635,17
2017-04-30 9:54,650,632,18
2017-04-30 9:55,648,630,18
2017-04-30 9:56,646,628,18
2017-04-30 9:57,644,626,18
2017-04-30 9:58,642,623,19
2017-04-30 9:59,639,621,18
2017-04-30 10:00,638,619,19
2017-04-30 10:01,636,617,19
2017-04-30 10:02,634,614,20
2017-04-30 10:03,632,612,20
2017-04-30 10:04,630,610,20
2017-04-30 10:05,628,607,21
2017-04-30 10:06,626,605,21
2017-04-30 10:07,624,603,21
2017-04-30 10:08,622,601,21
2017-04-30 10:09,620,598,22
2017-04-30 10:10,618,596,22
2017-04-30 10:11,616,594,22
2017-04-30 10:12,614,591,23
2017-04-30 10:13,612,589,23
2017-04-30 10:14,610,587,23
2017-04-30 10:15,607,585,22
2017-04-30 10:16,605,582,23
2017-04-30 10:17,603,580,23
2017-04-30 10:18,601,578,23
2017-04-30 10:19,599,575,24
2017-04-30 10:20,597,573,24
2017-04-30 10:21,595,571,24
2017-04-30 10:22,593,569,24
2017-04-30 10:23,591,566,25
2017-04-30 10:24,588,564,24
2017-04-30 10:25,587,562,25
2017-04-30 10:26,584,559,25
2017-04-30 10:27,582,557,25
2017-04-30 10:28,580,555,25
2017-04-30 10:29,578,553,25
2017-04-30 10:30,575,551,24
2017-04-30 10:31,574,548,26
2017-04-30 10:32,571,546,25
2017-04-30 10:33,569,544,25
2017-04-30 10:34,567,542,25
2017-04-30 10:35,565,539,26
2017-04-30 10:36,563,537,26
2017-04-30 10:37,561,535,26
2017-04-30 10:38,559,533,26
2017-04-30 10:39,557,531,26
2017-04-30 10:40,555,529,26
2017-04-30 10:41,552,526,26
2017-04-30 10:42,549,524,25
2017-04-30 10:43,548,522,26
2017-04-30 10:44,546,520,26
2017-04-30 10:45,544,518,26
2017-04-30 10:46,542,516,26
2017-04-30 10:47,540,514,26
2017-04-30 10:48,538,512,26
2017-04-30 10:49,536,510,26
2017-04-30 10:50,534,507,27
2017-04-30 10:51,532,505,27
2017-04-30 10:52,530,503,27
2017-04-30 10:53,527,501,26
2017-04-30 10:54,525,499,26
2017-04-30 10:55,523,497,26
2017-04-30 10:56,521,495,26
2017-04-30 10:57,519,493,26
2017-04-30 10:58,517,491,26
2017-04-30 10:59,515,489,26
2017-04-30 11:00,513,487,26
2017-04-30 11:01,511,485,26
2017-04-30 11:02,509,484,25
2017-04-30 11:03,508,482,26
2017-04-30 11:04,505,480,25
2017-04-30 11:05,503,478,25
2017-04-30 11:06,501,476,25
2017-04-30 11:07,500,474,26
2017-04-30 11:08,498,472,26
2017-04-30 11:09,495,470,25
2017-04-30 11:10,494,469,25
2017-04-30 11:11,492,467,25
2017-04-30 11:12,490,465,25
2017-04-30 11:13,488,463,25
2017-04-30 11:14,486,461,25
2017-04-30 11:15,484,460,24
2017-04-30 11:16,482,458,24
2017-04-30 11:17,480,456,24
2017-04-30 11:18,478,454,24
2017-04-30 11:19,476,453,23
2017-04-30 11:20,473,451,22
2017-04-30 11:21,472,449,23
2017-04-30 11:22,470,447,23
2017-04-30 11:23,468,446,22
2017-04-30 11:24,466,444,22
2017-04-30 11:25,464,442,22
2017-04-30 11:26,463,441,22
2017-04-30 11:27,460,439,21
2017-04-30 11:28,458,437,21
2017-04-30 11:29,456,436,20
2017-04-30 11:30,454,434,20
2017-04-30 11:31,452,433,19
2017-04-30 11:32,450,431,19
2017-04-30 11:33,449,429,20
2017-04-30 11:34,447,428,19
2017-04-30 11:35,445,426,19
2017-04-30 11:36,443,425,18
2017-04-30 11:37,441,423,18
2017-04-30 11:38,439,422,17
2017-04-30 11:39,437,420,17
2017-04-30 11:40,435,419,16
2017-04-30 11:41,433,417,16
2017-04-30 11:42,431,416,15
2017-04-30 11:43,429,414,15
2017-04-30 11:44,428,413,15
2017-04-30 11:45,426,411,15
2017-04-30 11:46,425,410,15
2017-04-30 11:47,423,408,15
2017-04-30 11:48,420,407,13
2017-04-30 11:49,419,405,14
2017-04-30 11:50,417,404,13
2017-04-30 11:51,415,402,13
2017-04-30 11:52,413,401,12
2017-04-30 11:53,412,399,13
2017-04-30 11:54,410,398,12
2017-04-30 11:55,408,397,11
2017-04-30 11:56,407,395,12
2017-04-30 11:57,404,394,10
2017-04-30 11:58,403,392,11
2017-04-30 11:59,401,391,10
2017-04-30 12:00,399,390,9
2017-04-30 12:01,397,388,9
2017-04-30 12:02,395,387,8
2017-04-30 12:03,394,386,8
2017-04-30 12:04,392,384,8
2017-04-30 12:05,390,383,7
2017-04-30 12:06,388,381,7
2017-04-30 12:07,386,380,6
2017-04-30 12:08,385,379,6
2017-04-30 12:09,383,377,6
2017-04-30 12:10,381,376,5
2017-04-30 12:11,379,375,4
2017-04-30 12:12,377,373,4
2017-04-30 12:13,375,372,3
2017-04-30 12:14,374,371,3
2017-04-30 12:15,372,369,3
2017-04-30 12:16,371,368,3
2017-04-30 12:17,369,367,2
2017-04-30 12:18,367,365,2
2017-04-30 12:19,365,364,1
2017-04-30 12:20,363,363,0
2017-04-30 12:21,362,361,1
2017-04-30 12:22,360,360,0
2017-04-30 12:23,358,359,-1
2017-04-30 12:24,356,357,-1
2017-04-30 12:25,354,356,-2
2017-04-30 12:26,353,355,-2
2017-04-30 12:27,351,353,-2
2017-04-30 12:28,349,352,-3
2017-04-30 12:29,347,351,-4
2017-04-30 12:30,346,349,-3
2017-04-30 12:31,344,348,-4
2017-04-30 12:32,343,347,-4
2017-04-30 12:33,341,345,-4
2017-04-30 12:34,339,344,-5
2017-04-30 12:35,338,343,-5
2017-04-30 12:36,336,341,-5
2017-04-30 12:37,334,340,-6
2017-04-30 12:38,333,339,-6
2017-04-30 12:39,331,337,-6
2017-04-30 12:40,329,336,-7
2017-04-30 12:41,328,335,-7
2017-04-30 12:42,326,333,-7
2017-04-30 12:43,325,332,-7
2017-04-30 12:44,323,331,-8
2017-04-30 12:45,321,329,-8
2017-04-30 12:46,319,328,-9
2017-04-30 12:47,318,327,-9
2017-04-30 12:48,317,325,-8
2017-04-30 12:49,315,324,-9
2017-04-30 12:50,313,323,-10
2017-04-30 12:51,312,321,-9
2017-04-30 12:52,310,320,-10
2017-04-30 12:53,309,318,-9
2017-04-30 12:54,307,317,-10
2017-04-30 12:55,306,316,-10
2017-04-30 12:56,304,314,-10
2017-04-30 12:57,303,313,-10
2017-04-30 12:58,301,311,-10
2017-04-30 12:59,300,310,-10
2017-04-30 13:00,298,309,-11
2017-04-30 13:01,297,307,-10
2017-04-30 13:02,296,306,-10
2017-04-30 13:03,294,305,-11
2017-04-30 13:04,293,303,-10
2017-04-30 13:05,291,302,-11
2017-04-30 13:06,290,300,-10
2017-04-30 13:07,288,299,-11
2017-04-30 13:08,287,297,-10
2017-04-30 13:09,285,296,-11
2017-04-30 13:10,284,295,-11
2017-04-30 13:11,282,293,-11
2017-04-30 13:12,281,292,-11
2017-04-30 13:13,280,290,-10
2017-04-30 13:14,278,289,-11
2017-04-30 13:15,277,287,-10
2017-04-30 13:16,275,286,-11
2017-04-30 13:17,274,285,-11
2017-04-30 13:18,273,283,-10
2017-04-30 13:19,271,282,-11
2017-04-30 13:20,270,280,-10
2017-04-30 13:21,268,279,-11
2017-04-30 13:22,267,277,-10
2017-04-30 13:23,265,276,-11
2017-04-30 13:24,264,274,-10
2017-04-30 13:25,263,273,-10
2017-04-30 13:26,261,271,-10
2017-04-30 13:27,260,270,-10
2017-04-30 13:28,259,268,-9
2017-04-30 13:29,258,267,-9
2017-04-30 13:30,256,266,-10
2017-04-30 13:31,255,264,-9
2017-04-30 13:32,254,263,-9
2017-04-30 13:33,252,261,-9
2017-04-30 13:34,251,260,-9
2017-04-30 13:35,250,258,-8
2017-04-30 13:36,248,257,-9
2017-04-30 13:37,247,255,-8
2017-04-30 13:38,246,254,-8
2017-04-30 13:39,244,252,-8
2017-04-30 13:40,243,251,-8
2017-04-30 13:41,242,249,-7
2017-04-30 13:42,241,248,-7
2017-04-30 13:43,240,246,-6
2017-04-30 13:44,238,245,-7
2017-04-30 13:45,237,243,-6
2017-04-30 13:46,236,242,-6
2017-04-30 13:47,234,240,-6
2017-04-30 13:48,233,239,-6
2017-04-30 13:49,231,237,-6
2017-04-30 13:50,230,236,-6
2017-04-30 13:51,229,234,-5
2017-04-30 13:52,227,233,-6
2017-04-30 13:53,226,231,-5
2017-04-30 13:54,225,230,-5
2017-04-30 13:55,224,228,-4
2017-04-30 13:56,223,227,-4
2017-04-30 13:57,221,226,-5
2017-04-30 13:58,220,224,-4
2017-04-30 13:59,219,223,-4
2017-04-30 14:00,217,221,-4
2017-04-30 14:01,216,220,-4
2017-04-30 14:02,215,218,-3
2017-04-30 14:03,214,217,-3
2017-04-30 14:04,212,215,-3
2017-04-30 14:05,211,214,-3
2017-04-30 14:06,210,212,-2
2017-04-30 14:07,209,211,-2
2017-04-30 14:08,208,210,-2
2017-04-30 14:09,207,208,-1
2017-04-30 14:10,206,207,-1
2017-04-30 14:11,205,205,0
2017-04-30 14:12,204,204,0
2017-04-30 14:13,202,202,0
2017-04-30 14:14,201,201,0
2017-04-30 14:15,200,200,0
2017-04-30 14:16,199,198,1
2017-04-30 14:17,197,197,0
2017-04-30 14:18,196,195,1
2017-04-30 14:19,195,194,1
2017-04-30 14:20,194,193,1
2017-04-30 14:21,193,191,2
2017-04-30 14:22,192,190,2
2017-04-30 14:23,190,189,1
2017-04-30 14:24,190,187,3
2017-04-30 14:25,188,186,2
2017-04-30 14:26,187,185,2
2017-04-30 14:27,186,183,3
2017-04-30 14:28,185,182,3
2017-04-30 14:29,184,181,3
2017-04-30 14:30,183,179,4
2017-04-30 14:31,182,178,4
2017-04-30 14:32,181,177,4
2017-04-30 14:33,180,175,5
2017-04-30 14:34,179,174,5
2017-04-30 14:35,177,173,4
2017-04-30 14:36,176,172,4
2017-04-30 14:37,175,170,5
2017-04-30 14:38,174,169,5
2017-04-30 14:39,173,168,5
2017-04-30 14:40,172,167,5
2017-04-30 14:41,171,166,5
2017-04-30 14:42,170,164,6
2017-04-30 14:43,169,163,6
2017-04-30 14:44,168,162,6
2017-04-30 14:45,167,161,6
2017-04-30 14:46,165,160,5
2017-04-30 14:47,165,159,6
2017-04-30 14:48,164,157,7
2017-04-30 14:49,163,156,7
2017-04-30 14:50,161,155,6
2017-04-30 14:51,160,154,6
2017-04-30 14:52,159,153,6
2017-04-30 14:53,159,152,7
2017-04-30 14:54,157,151,6
2017-04-30 14:55,156,150,6
2017-04-30 14:56,156,149,7
2017-04-30 14:57,154,148,6
2017-04-30 14:58,153,147,6
2017-04-30 14:59,152,146,6
2017-04-30 15:00,151,145,6
2017-04-30 15:01,150,144,6
2017-04-30 15:02,149,143,6
2017-04-30 15:03,148,142,6
2017-04-30 15:04,147,141,6
2017-04-30 15:05,146,140,6
2017-04-30 15:06,145,139,6
2017-04-30 15:07,144,138,6
2017-04-30 15:08,143,137,6
2017-04-30 15:09,142,136,6
2017-04-30 15:10,141,136,5
2017-04-30 15:11,141,135,6
2017-04-30 15:12,140,134,6
2017-04-30 15:13,138,133,5
2017-04-30 15:14,138,132,6
2017-04-30 15:15,136,132,4
2017-04-30 15:16,135,131,4
2017-04-30 15:17,135,130,5
2017-04-30 15:18,133,129,4
2017-04-30 15:19,132,129,3
2017-04-30 15:20,132,128,4
2017-04-30 15:21,131,127,4
2017-04-30 15:22,130,127,3
2017-04-30 15:23,129,126,3
2017-04-30 15:24,129,125,4
2017-04-30 15:25,128,125,3
2017-04-30 15:26,126,124,2
2017-04-30 15:27,126,123,3
2017-04-30 15:28,124,123,1
2017-04-30 15:29,124,122,2
2017-04-30 15:30,121,122,-1
2017-04-30 15:31,120,121,-1
2017-04-30 15:32,119,121,-2
2017-04-30 15:33,118,120,-2
2017-04-30 15:34,117,120,-3
2017-04-30 15:35,116,119,-3
2017-04-30 15:36,116,119,-3
2017-04-30 15:37,114,118,-4
2017-04-30 15:38,113,118,-5
2017-04-30 15:39,113,117,-4
2017-04-30 15:40,112,117,-5
2017-04-30 15:41,111,117,-6
2017-04-30 15:42,110,116,-6
2017-04-30 15:43,109,116,-7
2017-04-30 15:44,109,116,-7
2017-04-30 15:45,108,115,-7
2017-04-30 15:46,107,115,-8
2017-04-30 15:47,106,115,-9
2017-04-30 15:48,105,115,-10
2017-04-30 15:49,104,114,-10
2017-04-30 15:50,103,114,-11
2017-04-30 15:51,101,114,-13
2017-04-30 15:52,100,114,-14
2017-04-30 15:53,99,114,-15
2017-04-30 15:54,97,114,-17
2017-04-30 15:55,97,113,-16
2017-04-30 15:56,97,113,-16
2017-04-30 15:57,97,113,-16
2017-04-30 15:58,95,113,-18
2017-04-30 15:59,95,113,-18
2017-04-30 16:00,94,113,-19
2017-04-30 16:01,94,113,-19
2017-04-30 16:02,94,113,-19
2017-04-30 16:03,92,113,-21
2017-04-30 16:04,93,113,-20
2017-04-30 16:05,92,113,-21
2017-04-30 16:06,92,113,-21
2017-04-30 16:07,91,113,-22
2017-04-30 16:08,90,113,-23
2017-04-30 16:09,90,114,-24
2017-04-30 16:10,89,114,-25
2017-04-30 16:11,90,114,-24
2017-04-30 16:12,90,114,-24
2017-04-30 16:13,89,114,-25
2017-04-30 16:14,89,115,-26
2017-04-30 16:15,90,115,-25
2017-04-30 16:16,90,115,-25
2017-04-30 16:17,91,115,-24
2017-04-30 16:18,92,116,-24
2017-04-30 16:19,92,116,-24
2017-04-30 16:20,91,116,-25
2017-04-30 16:21,92,117,-25
2017-04-30 16:22,92,117,-25
2017-04-30 16:23,93,118,-25
2017-04-30 16:24,95,118,-23
2017-04-30 16:25,96,118,-22
2017-04-30 16:26,98,119,-21
2017-04-30 16:27,99,119,-20
2017-04-30 16:28,101,120,-19
2017-04-30 16:29,102,121,-19
2017-04-30 16:30,106,121,-15
2017-04-30 16:31,108,122,-14
2017-04-30 16:32,110,122,-12
2017-04-30 16:33,113,123,-10
2017-04-30 16:34,115,123,-8
2017-04-30 16:35,117,124,-7
2017-04-30 16:36,120,125,-5
2017-04-30 16:37,122,126,-4
2017-04-30 16:38,124,126,-2
2017-04-30 16:39,127,127,0
2017-04-30 16:40,129,128,1
2017-04-30 16:41,131,129,2
2017-04-30 16:42,133,129,4
2017-04-30 16:43,135,130,5
2017-04-30 16:44,137,131,6
2017-04-30 16:45,139,132,7
2017-04-30 16:46,141,133,8
2017-04-30 16:47,143,134,9
2017-04-30 16:48,145,135,10
2017-04-30 16:49,147,136,11
2017-04-30 16:50,149,137,12
2017-04-30 16:51,150,138,12
2017-04-30 16:52,152,139,13
2017-04-30 16:53,153,140,13
2017-04-30 16:54,155,141,14
2017-04-30 16:55,156,142,14
2017-04-30 16:56,157,143,14
2017-04-30 16:57,159,144,15
2017-04-30 16:58,161,145,16
2017-04-30 16:59,163,146,17
2017-04-30 17:00,164,148,16
2017-04-30 17:01,166,149,17
2017-04-30 17:02,167,150,17
2017-04-30 17:03,168,151,17
2017-04-30 17:04,170,153,17
2017-04-30 17:05,171,154,17
2017-04-30 17:06,172,155,17
2017-04-30 17:07,173,157,16
2017-04-30 17:08,175,158,17
2017-04-30 17:09,176,159,17
2017-04-30 17:10,177,161,16
2017-04-30 17:11,178,162,16
2017-04-30 17:12,179,164,15
2017-04-30 17:13,180,165,15
2017-04-30 17:14,182,167,15
2017-04-30 17:15,183,168,15
2017-04-30 17:16,184,170,14
2017-04-30 17:17,185,171,14
2017-04-30 17:18,186,173,13
2017-04-30 17:19,186,175,11
2017-04-30 17:20,187,176,11
2017-04-30 17:21,188,178,10
2017-04-30 17:22,189,180,9
2017-04-30 17:23,190,181,9
2017-04-30 17:24,191,183,8
2017-04-30 17:25,192,185,7
2017-04-30 17:26,193,187,6
2017-04-30 17:27,194,188,6
2017-04-30 17:28,195,190,5
2017-04-30 17:29,196,192,4
2017-04-30 17:30,197,194,3
2017-04-30 17:31,199,196,3
2017-04-30 17:32,200,198,2
2017-04-30 17:33,201,200,1
2017-04-30 17:34,202,202,0
2017-04-30 17:35,204,204,0
2017-04-30 17:36,205,206,-1
2017-04-30 17:37,206,208,-2
2017-04-30 17:38,208,210,-2
2017-04-30 17:39,209,212,-3
2017-04-30 17:40,210,214,-4
2017-04-30 17:41,212,216,-4
2017-04-30 17:42,214,218,-4
2017-04-30 17:43,215,220,-5
2017-04-30 17:44,217,222,-5
2017-04-30 17:45,219,225,-6
2017-04-30 17:46,221,227,-6
2017-04-30 17:47,222,229,-7
2017-04-30 17:48,224,231,-7
2017-04-30 17:49,226,234,-8
2017-04-30 17:50,227,236,-9
2017-04-30 17:51,230,238,-8
2017-04-30 17:52,231,241,-10
2017-04-30 17:53,234,243,-9
2017-04-30 17:54,236,245,-9
2017-04-30 17:55,238,248,-10
2017-04-30 17:56,240,250,-10
2017-04-30 17:57,242,253,-11
2017-04-30 17:58,244,255,-11
2017-04-30 17:59,246,257,-11
2017-04-30 18:00,248,260,-12
2017-04-30 18:01,251,262,-11
2017-04-30 18:02,253,265,-12
2017-04-30 18:03,256,267,-11
2017-04-30 18:04,258,270,-12
2017-04-30 18:05,261,273,-12
2017-04-30 18:06,263,275,-12
2017-04-30 18:07,266,278,-12
2017-04-30 18:08,268,280,-12
2017-04-30 18:09,271,283,-12
2017-04-30 18:10,273,286,-13
2017-04-30 18:11,276,288,-12
2017-04-30 18:12,279,291,-12
2017-04-30 18:13,281,294,-13
2017-04-30 18:14,284,297,-13
2017-04-30 18:15,287,299,-12
2017-04-30 18:16,289,302,-13
2017-04-30 18:17,292,305,-13
2017-04-30 18:18,295,308,-13
2017-04-30 18:19,298,310,-12
2017-04-30 18:20,300,313,-13
2017-04-30 18:21,303,316,-13
2017-04-30 18:22,306,319,-13
2017-04-30 18:23,308,322,-14
2017-04-30 18:24,312,324,-12
2017-04-30 18:25,315,327,-12
2017-04-30 18:26,317,330,-13
2017-04-30 18:27,320,333,-13
2017-04-30 18:28,323,336,-13
2017-04-30 18:29,326,339,-13
2017-04-30 18:30,329,342,-13
2017-04-30 18:31,331,345,-14
2017-04-30 18:32,334,348,-14
2017-04-30 18:33,337,351,-14
2017-04-30 18:34,340,354,-14
2017-04-30 18:35,342,357,-15
2017-04-30 18:36,345,360,-15
2017-04-30 18:37,348,363,-15
2017-04-30 18:38,351,365,-14
2017-04-30 18:39,354,368,-14
2017-04-30 18:40,356,371,-15
2017-04-30 18:41,359,374,-15
2017-04-30 18:42,362,377,-15
2017-04-30 18:43,365,380,-15
2017-04-30 18:44,368,383,-15
2017-04-30 18:45,371,387,-16
2017-04-30 18:46,373,390,-17
2017-04-30 18:47,376,393,-17
2017-04-30 18:48,379,396,-17
2017-04-30 18:49,381,399,-18
2017-04-30 18:50,384,402,-18
2017-04-30 18:51,387,405,-18
2017-04-30 18:52,390,408,-18
2017-04-30 18:53,393,411,-18
2017-04-30 18:54,396,414,-18
2017-04-30 18:55,398,417,-19
2017-04-30 18:56,401,420,-19
2017-04-30 18:57,404,423,-19
2017-04-30 18:58,407,426,-19
2017-04-30 18:59,410,429,-19
2017-04-30 19:00,413,432,-19
2017-04-30 19:01,415,435,-20
2017-04-30 19:02,418,438,-20
2017-04-30 19:03,421,441,-20
2017-04-30 19:04,424,444,-20
2017-04-30 19:05,426,447,-21
2017-04-30 19:06,429,450,-21
2017-04-30 19:07,432,453,-21
2017-04-30 19:08,434,456,-22
2017-04-30 19:09,438,459,-21
2017-04-30 19:10,440,462,-22
2017-04-30 19:11,443,465,-22
2017-04-30 19:12,446,468,-22
2017-04-30 19:13,448,471,-23
2017-04-30 19:14,451,473,-22
2017-04-30 19:15,454,476,-22
2017-04-30 19:16,456,479,-23
2017-04-30 19:17,459,482,-23
2017-04-30 19:18,462,485,-23
2017-04-30 19:19,464,488,-24
2017-04-30 19:20,467,491,-24
2017-04-30 19:21,470,493,-23
2017-04-30 19:22,472,496,-24
2017-04-30 19:23,474,499,-25
2017-04-30 19:24,477,502,-25
2017-04-30 19:25,480,505,-25
2017-04-30 19:26,482,507,-25
2017-04-30 19:27,485,510,-25
2017-04-30 19:28,487,513,-26
2017-04-30 19:29,489,516,-27
2017-04-30 19:30,491,518,-27
2017-04-30 19:31,493,521,-28
2017-04-30 19:32,496,523,-27
2017-04-30 19:33,498,526,-28
2017-04-30 19:34,501,529,-28
2017-04-30 19:35,503,531,-28
2017-04-30 19:36,505,534,-29
2017-04-30 19:37,508,536,-28
2017-04-30 19:38,510,539,-29
2017-04-30 19:39,512,541,-29
2017-04-30 19:40,514,544,-30
2017-04-30 19:41,517,546,-29
2017-04-30 19:42,519,549,-30
2017-04-30 19:43,522,551,-29
2017-04-30 19:44,524,553,-29
2017-04-30 19:45,527,556,-29
2017-04-30 19:46,529,558,-29
2017-04-30 19:47,532,560,-28
2017-04-30 19:48,534,563,-29
2017-04-30 19:49,536,565,-29
2017-04-30 19:50,539,567,-28
2017-04-30 19:51,541,569,-28
2017-04-30 19:52,543,571,-28
2017-04-30 19:53,545,574,-29
2017-04-30 19:54,547,576,-29
2017-04-30 19:55,550,578,-28
2017-04-30 19:56,552,580,-28
2017-04-30 19:57,554,582,-28
2017-04-30 19:58,557,584,-27
2017-04-30 19:59,559,586,-27
2017-04-30 20:00,561,588,-27
2017-04-30 20:01,563,589,-26
2017-04-30 20:02,564,591,-27
2017-04-30 20:03,567,593,-26
2017-04-30 20:04,569,595,-26
2017-04-30 20:05,571,597,-26
2017-04-30 20:06,573,598,-25
2017-04-30 20:07,575,600,-25
2017-04-30 20:08,577,602,-25
2017-04-30 20:09,578,603,-25
2017-04-30 20:10,580,605,-25
2017-04-30 20:11,582,606,-24
2017-04-30 20:12,584,608,-24
2017-04-30 20:13,586,609,-23
2017-04-30 20:14,588,611,-23
2017-04-30 20:15,589,612,-23
2017-04-30 20:16,592,613,-21
2017-04-30 20:17,593,615,-22
2017-04-30 20:18,596,616,-20
2017-04-30 20:19,597,617,-20
2017-04-30 20:20,599,619,-20
2017-04-30 20:21,600,620,-20
2017-04-30 20:22,602,621,-19
2017-04-30 20:23,603,622,-19
2017-04-30 20:24,604,623,-19
2017-04-30 20:25,605,624,-19
2017-04-30 20:26,607,625,-18
2017-04-30 20:27,608,626,-18
2017-04-30 20:28,609,627,-18
2017-04-30 20:29,610,628,-18
2017-04-30 20:30,611,629,-18
2017-04-30 20:31,612,629,-17
2017-04-30 20:32,614,630,-16
2017-04-30 20:33,614,631,-17
2017-04-30 20:34,616,632,-16
2017-04-30 20:35,616,632,-16
2017-04-30 20:36,617,633,-16
2017-04-30 20:37,618,633,-15
2017-04-30 20:38,619,634,-15
2017-04-30 20:39,620,634,-14
2017-04-30 20:40,620,635,-15
2017-04-30 20:41,621,635,-14
2017-04-30 20:42,621,636,-15
2017-04-30 20:43,622,636,-14
2017-04-30 20:44,623,636,-13
2017-04-30 20:45,623,636,-13
2017-04-30 20:46,623,637,-14
2017-04-30 20:47,624,637,-13
2017-04-30 20:48,624,637,-13
2017-04-30 20:49,625,637,-12
2017-04-30 20:50,625,637,-12
2017-04-30 20:51,625,637,-12
2017-04-30 20:52,625,637,-12
2017-04-30 20:53,626,637,-11
2017-04-30 20:54,626,637,-11
2017-04-30 20:55,627,637,-10
2017-04-30 20:56,626,637,-11
2017-04-30 20:57,626,637,-11
2017-04-30 20:58,626,636,-10
2017-04-30 20:59,625,636,-11
2017-04-30 21:00,626,636,-10
2017-04-30 21:01,626,635,-9
2017-04-30 21:02,626,635,-9
2017-04-30 21:03,625,635,-10
2017-04-30 21:04,625,634,-9
2017-04-30 21:05,625,634,-9
2017-04-30 21:06,624,633,-9
2017-04-30 21:07,624,633,-9
2017-04-30 21:08,623,632,-9
2017-04-30 21:09,622,631,-9
2017-04-30 21:10,621,631,-10
2017-04-30 21:11,621,630,-9
2017-04-30 21:12,620,629,-9
2017-04-30 21:13,620,629,-9
2017-04-30 21:14,619,628,-9
2017-04-30 21:15,618,627,-9
2017-04-30 21:16,617,626,-9
2017-04-30 21:17,616,625,-9
2017-04-30 21:18,615,624,-9
2017-04-30 21:19,614,623,-9
2017-04-30 21:20,613,622,-9
2017-04-30 21:21,612,621,-9
2017-04-30 21:22,610,620,-10
2017-04-30 21:23,609,619,-10
2017-04-30 21:24,608,618,-10
2017-04-30 21:25,607,617,-10
2017-04-30 21:26,606,616,-10
2017-04-30 21:27,605,615,-10
2017-04-30 21:28,604,613,-9
2017-04-30 21:29,603,612,-9
2017-04-30 21:30,601,611,-10
2017-04-30 21:31,600,610,-10
2017-04-30 21:32,599,608,-9
2017-04-30 21:33,597,607,-10
2017-04-30 21:34,596,606,-10
2017-04-30 21:35,595,604,-9
2017-04-30 21:36,593,603,-10
2017-04-30 21:37,592,601,-9
2017-04-30 21:38,590,600,-10
2017-04-30 21:39,589,598,-9
2017-04-30 21:40,587,597,-10
2017-04-30 21:41,586,595,-9
2017-04-30 21:42,584,594,-10
2017-04-30 21:43,582,592,-10
2017-04-30 21:44,581,591,-10
2017-04-30 21:45,580,589,-9
2017-04-30 21:46,578,587,-9
2017-04-30 21:47,576,586,-10
2017-04-30 21:48,575,584,-9
2017-04-30 21:49,573,582,-9
2017-04-30 21:50,572,581,-9
2017-04-30 21:51,570,579,-9
2017-04-30 21:52,568,577,-9
2017-04-30 21:53,567,575,-8
2017-04-30 21:54,566,574,-8
2017-04-30 21:55,564,572,-8
2017-04-30 21:56,563,570,-7
2017-04-30 21:57,561,568,-7
2017-04-30 21:58,559,566,-7
2017-04-30 21:59,558,564,-6
2017-04-30 22:00,557,563,-6
2017-04-30 22:01,555,561,-6
2017-04-30 22:02,553,559,-6
2017-04-30 22:03,552,557,-5
2017-04-30 22:04,550,555,-5
2017-04-30 22:05,549,553,-4
2017-04-30 22:06,548,551,-3
2017-04-30 22:07,546,549,-3
2017-04-30 22:08,544,547,-3
2017-04-30 22:09,542,545,-3
2017-04-30 22:10,541,543,-2
2017-04-30 22:11,539,541,-2
2017-04-30 22:12,538,539,-1
2017-04-30 22:13,536,537,-1
2017-04-30 22:14,534,535,-1
2017-04-30 22:15,532,533,-1
2017-04-30 22:16,531,531,0
2017-04-30 22:17,529,529,0
2017-04-30 22:18,527,527,0
2017-04-30 22:19,525,525,0
2017-04-30 22:20,523,523,0
2017-04-30 22:21,522,521,1
2017-04-30 22:22,520,519,1
2017-04-30 22:23,518,517,1
2017-04-30 22:24,516,515,1
2017-04-30 22:25,514,513,1
2017-04-30 22:26,512,511,1
2017-04-30 22:27,510,509,1
2017-04-30 22:28,508,507,1
2017-04-30 22:29,507,505,2
2017-04-30 22:30,505,503,2
2017-04-30 22:31,503,501,2
2017-04-30 22:32,501,498,3
2017-04-30 22:33,499,496,3
2017-04-30 22:34,497,494,3
2017-04-30 22:35,495,492,3
2017-04-30 22:36,493,490,3
2017-04-30 22:37,492,488,4
2017-04-30 22:38,489,486,3
2017-04-30 22:39,488,484,4
2017-04-30 22:40,486,482,4
2017-04-30 22:41,484,480,4
2017-04-30 22:42,482,478,4
2017-04-30 22:43,480,476,4
2017-04-30 22:44,478,474,4
2017-04-30 22:45,477,472,5
2017-04-30 22:46,475,470,5
2017-04-30 22:47,473,468,5
2017-04-30 22:48,471,466,5
2017-04-30 22:49,469,464,5
2017-04-30 22:50,467,462,5
2017-04-30 22:51,466,460,6
2017-04-30 22:52,463,458,5
2017-04-30 22:53,461,456,5
2017-04-30 22:54,460,454,6
2017-04-30 22:55,458,452,6
2017-04-30 22:56,456,450,6
2017-04-30 22:57,454,448,6
2017-04-30 22:58,452,446,6
2017-04-30 22:59,450,445,5
2017-04-30 23:00,449,443,6
2017-04-30 23:01,447,441,6
2017-04-30 23:02,445,439,6
2017-04-30 23:03,443,437,6
2017-04-30 23:04,441,435,6
2017-04-30 23:05,439,433,6
2017-04-30 23:06,437,431,6
2017-04-30 23:07,435,430,5
2017-04-30 23:08,434,428,6
2017-04-30 23:09,432,426,6
2017-04-30 23:10,430,424,6
2017-04-30 23:11,428,422,6
2017-04-30 23:12,426,421,5
2017-04-30 23:13,424,419,5
2017-04-30 23:14,422,417,5
2017-04-30 23:15,421,415,6
2017-04-30 23:16,419,413,6
2017-04-30 23:17,417,412,5
2017-04-30 23:18,415,410,5
2017-04-30 23:19,414,408,6
2017-04-30 23:20,412,407,5
2017-04-30 23:21,410,405,5
2017-04-30 23:22,408,403,5
2017-04-30 23:23,406,402,4
2017-04-30 23:24,404,400,4
2017-04-30 23:25,402,398,4
2017-04-30 23:26,401,397,4
2017-04-30 23:27,399,395,4
2017-04-30 23:28,397,393,4
2017-04-30 23:29,395,392,3
2017-04-30 23:30,394,390,4
2017-04-30 23:31,392,389,3
2017-04-30 23:32,390,387,3
2017-04-30 23:33,388,385,3
2017-04-30 23:34,387,384,3
2017-04-30 23:35,385,382,3
2017-04-30 23:36,383,381,2
2017-04-30 23:37,381,379,2
2017-04-30 23:38,379,378,1
2017-04-30 23:39,377,376,1
2017-04-30 23:40,376,375,1
2017-04-30 23:41,374,373,1
2017-04-30 23:42,372,372,0
2017-04-30 23:43,371,370,1
2017-04-30 23:44,369,369,0
2017-04-30 23:45,367,367,0
2017-04-30 23:46,365,366,-1
2017-04-30 23:47,364,365,-1
2017-04-30 23:48,362,363,-1
2017-04-30 23:49,360,362,-2
2017-04-30 23:50,359,360,-1
2017-04-30 23:51,357,359,-2
2017-04-30 23:52,356,358,-2
2017-04-30 23:53,354,356,-2
2017-04-30 23:54,352,355,-3
2017-04-30 23:55,350,354,-4
2017-04-30 23:56,349,352,-3
2017-04-30 23:57,347,351,-4
2017-04-30 23:58,346,350,-4
2017-04-30 23:59,344,348,-4
2017-05-01 0:00,-,347,-
