관측시간,실측조위(Cm),예측조위(Cm),잔차(Cm)
2018-04-29 0:00,97,81,16
2018-04-29 0:01,96,81,15
2018-04-29 0:02,95,80,15
2018-04-29 0:03,94,80,14
2018-04-29 0:04,94,79,15
2018-04-29 0:05,93,79,14
2018-04-29 0:06,92,79,13
2018-04-29 0:07,91,78,13
2018-04-29 0:08,91,78,13
2018-04-29 0:09,90,78,12
2018-04-29 0:10,89,77,12
2018-04-29 0:11,88,77,11
2018-04-29 0:12,87,77,10
2018-04-29 0:13,86,76,10
2018-04-29 0:14,85,76,9
2018-04-29 0:15,85,76,9
2018-04-29 0:16,84,76,8
2018-04-29 0:17,83,76,7
2018-04-29 0:18,83,76,7
2018-04-29 0:19,82,75,7
2018-04-29 0:20,81,75,6
2018-04-29 0:21,80,75,5
2018-04-29 0:22,80,75,5
2018-04-29 0:23,79,75,4
2018-04-29 0:24,78,75,3
2018-04-29 0:25,77,75,2
2018-04-29 0:26,77,75,2
2018-04-29 0:27,76,75,1
2018-04-29 0:28,75,75,0
2018-04-29 0:29,75,75,0
2018-04-29 0:30,74,75,-1
2018-04-29 0:31,74,75,-1
2018-04-29 0:32,73,75,-2
2018-04-29 0:33,72,75,-3
2018-04-29 0:34,72,75,-3
2018-04-29 0:35,71,76,-5
2018-04-29 0:36,71,76,-5
2018-04-29 0:37,70,76,-6
2018-04-29 0:38,70,76,-6
2018-04-29 0:39,69,76,-7
2018-04-29 0:40,69,77,-8
2018-04-29 0:41,68,77,-9
2018-04-29 0:42,68,77,-9
2018-04-29 0:43,68,77,-9
2018-04-29 0:44,67,78,-11
2018-04-29 0:45,67,78,-11
2018-04-29 0:46,67,78,-11
2018-04-29 0:47,67,79,-12
2018-04-29 0:48,67,79,-12
2018-04-29 0:49,67,80,-13
2018-04-29 0:50,68,80,-12
2018-04-29 0:51,68,81,-13
2018-04-29 0:52,68,81,-13
2018-04-29 0:53,69,81,-12
2018-04-29 0:54,70,82,-12
2018-04-29 0:55,71,83,-12
2018-04-29 0:56,72,83,-11
2018-04-29 0:57,73,84,-11
2018-04-29 0:58,74,84,-10
2018-04-29 0:59,76,85,-9
2018-04-29 1:00,78,85,-7
2018-04-29 1:01,80,86,-6
2018-04-29 1:02,82,87,-5
2018-04-29 1:03,84,87,-3
2018-04-29 1:04,87,88,-1
2018-04-29 1:05,90,89,1
2018-04-29 1:06,92,90,2
2018-04-29 1:07,94,90,4
2018-04-29 1:08,96,91,5
2018-04-29 1:09,98,92,6
2018-04-29 1:10,101,93,8
2018-04-29 1:11,103,94,9
2018-04-29 1:12,105,95,10
2018-04-29 1:13,107,96,11
2018-04-29 1:14,109,96,13
2018-04-29 1:15,110,97,13
2018-04-29 1:16,112,98,14
2018-04-29 1:17,113,99,14
2018-04-29 1:18,115,100,15
2018-04-29 1:19,116,101,15
2018-04-29 1:20,118,102,16
2018-04-29 1:21,120,103,17
2018-04-29 1:22,122,104,18
2018-04-29 1:23,124,106,18
2018-04-29 1:24,126,107,19
2018-04-29 1:25,127,108,19
2018-04-29 1:26,129,109,20
2018-04-29 1:27,131,110,21
2018-04-29 1:28,132,111,21
2018-04-29 1:29,134,113,21
2018-04-29 1:30,135,114,21
2018-04-29 1:31,137,115,22
2018-04-29 1:32,138,116,22
2018-04-29 1:33,139,118,21
2018-04-29 1:34,140,119,21
2018-04-29 1:35,142,120,22
2018-04-29 1:36,143,122,21
2018-04-29 1:37,145,123,22
2018-04-29 1:38,146,125,21
2018-04-29 1:39,147,126,21
2018-04-29 1:40,149,128,21
2018-04-29 1:41,150,129,21
2018-04-29 1:42,151,131,20
2018-04-29 1:43,153,132,21
2018-04-29 1:44,154,134,20
2018-04-29 1:45,155,135,20
2018-04-29 1:46,157,137,20
2018-04-29 1:47,158,138,20
2018-04-29 1:48,159,140,19
2018-04-29 1:49,161,142,19
2018-04-29 1:50,162,143,19
2018-04-29 1:51,164,145,19
2018-04-29 1:52,164,147,17
2018-04-29 1:53,166,149,17
2018-04-29 1:54,167,150,17
2018-04-29 1:55,168,152,16
2018-04-29 1:56,170,154,16
2018-04-29 1:57,171,156,15
2018-04-29 1:58,172,158,14
2018-04-29 1:59,173,160,13
2018-04-29 2:00,175,162,13
2018-04-29 2:01,176,163,13
2018-04-29 2:02,178,165,13
2018-04-29 2:03,179,167,12
2018-04-29 2:04,181,169,12
2018-04-29 2:05,182,171,11
2018-04-29 2:06,184,173,11
2018-04-29 2:07,185,176,9
2018-04-29 2:08,186,178,8
2018-04-29 2:09,188,180,8
2018-04-29 2:10,189,182,7
2018-04-29 2:11,191,184,7
2018-04-29 2:12,192,186,6
2018-04-29 2:13,193,188,5
2018-04-29 2:14,195,191,4
2018-04-29 2:15,197,193,4
2018-04-29 2:16,198,195,3
2018-04-29 2:17,200,197,3
2018-04-29 2:18,202,200,2
2018-04-29 2:19,204,202,2
2018-04-29 2:20,206,204,2
2018-04-29 2:21,207,207,0
2018-04-29 2:22,209,209,0
2018-04-29 2:23,211,211,0
2018-04-29 2:24,213,214,-1
2018-04-29 2:25,215,216,-1
2018-04-29 2:26,217,219,-2
2018-04-29 2:27,219,221,-2
2018-04-29 2:28,221,224,-3
2018-04-29 2:29,224,226,-2
2018-04-29 2:30,226,229,-3
2018-04-29 2:31,228,231,-3
2018-04-29 2:32,231,234,-3
2018-04-29 2:33,234,236,-2
2018-04-29 2:34,237,239,-2
2018-04-29 2:35,239,242,-3
2018-04-29 2:36,242,244,-2
2018-04-29 2:37,244,247,-3
2018-04-29 2:38,247,250,-3
2018-04-29 2:39,250,252,-2
2018-04-29 2:40,253,255,-2
2018-04-29 2:41,256,258,-2
2018-04-29 2:42,258,260,-2
2018-04-29 2:43,261,263,-2
2018-04-29 2:44,264,266,-2
2018-04-29 2:45,267,269,-2
2018-04-29 2:46,270,272,-2
2018-04-29 2:47,273,274,-1
2018-04-29 2:48,276,277,-1
2018-04-29 2:49,278,280,-2
2018-04-29 2:50,281,283,-2
2018-04-29 2:51,284,286,-2
2018-04-29 2:52,287,289,-2
2018-04-29 2:53,289,292,-3
2018-04-29 2:54,292,295,-3
2018-04-29 2:55,295,298,-3
2018-04-29 2:56,298,300,-2
2018-04-29 2:57,301,303,-2
2018-04-29 2:58,303,306,-3
2018-04-29 2:59,306,309,-3
2018-04-29 3:00,309,312,-3
2018-04-29 3:01,311,315,-4
2018-04-29 3:02,314,318,-4
2018-04-29 3:03,317,322,-5
2018-04-29 3:04,319,325,-6
2018-04-29 3:05,322,328,-6
2018-04-29 3:06,324,331,-7
2018-04-29 3:07,327,334,-7
2018-04-29 3:08,330,337,-7
2018-04-29 3:09,333,340,-7
2018-04-29 3:10,335,343,-8
2018-04-29 3:11,338,346,-8
2018-04-29 3:12,341,349,-8
2018-04-29 3:13,344,352,-8
2018-04-29 3:14,346,356,-10
2018-04-29 3:15,349,359,-10
2018-04-29 3:16,352,362,-10
2018-04-29 3:17,354,365,-11
2018-04-29 3:18,357,368,-11
2018-04-29 3:19,360,371,-11
2018-04-29 3:20,363,374,-11
2018-04-29 3:21,365,378,-13
2018-04-29 3:22,368,381,-13
2018-04-29 3:23,371,384,-13
2018-04-29 3:24,374,387,-13
2018-04-29 3:25,377,390,-13
2018-04-29 3:26,379,393,-14
2018-04-29 3:27,383,397,-14
2018-04-29 3:28,385,400,-15
2018-04-29 3:29,388,403,-15
2018-04-29 3:30,391,406,-15
2018-04-29 3:31,394,409,-15
2018-04-29 3:32,396,413,-17
2018-04-29 3:33,399,416,-17
2018-04-29 3:34,402,419,-17
2018-04-29 3:35,405,422,-17
2018-04-29 3:36,408,425,-17
2018-04-29 3:37,411,428,-17
2018-04-29 3:38,414,432,-18
2018-04-29 3:39,417,435,-18
2018-04-29 3:40,420,438,-18
2018-04-29 3:41,423,441,-18
2018-04-29 3:42,426,444,-18
2018-04-29 3:43,429,447,-18
2018-04-29 3:44,432,450,-18
2018-04-29 3:45,435,454,-19
2018-04-29 3:46,438,457,-19
2018-04-29 3:47,442,460,-18
2018-04-29 3:48,445,463,-18
2018-04-29 3:49,448,466,-18
2018-04-29 3:50,451,469,-18
2018-04-29 3:51,454,472,-18
2018-04-29 3:52,457,475,-18
2018-04-29 3:53,460,478,-18
2018-04-29 3:54,463,481,-18
2018-04-29 3:55,466,484,-18
2018-04-29 3:56,468,487,-19
2018-04-29 3:57,471,490,-19
2018-04-29 3:58,474,493,-19
2018-04-29 3:59,476,496,-20
2018-04-29 4:00,479,499,-20
2018-04-29 4:01,482,502,-20
2018-04-29 4:02,485,505,-20
2018-04-29 4:03,487,508,-21
2018-04-29 4:04,490,511,-21
2018-04-29 4:05,492,514,-22
2018-04-29 4:06,495,516,-21
2018-04-29 4:07,498,519,-21
2018-04-29 4:08,501,522,-21
2018-04-29 4:09,503,525,-22
2018-04-29 4:10,506,528,-22
2018-04-29 4:11,508,530,-22
2018-04-29 4:12,511,533,-22
2018-04-29 4:13,513,536,-23
2018-04-29 4:14,516,538,-22
2018-04-29 4:15,518,541,-23
2018-04-29 4:16,521,544,-23
2018-04-29 4:17,523,546,-23
2018-04-29 4:18,525,549,-24
2018-04-29 4:19,528,552,-24
2018-04-29 4:20,530,554,-24
2018-04-29 4:21,533,557,-24
2018-04-29 4:22,536,559,-23
2018-04-29 4:23,539,562,-23
2018-04-29 4:24,541,564,-23
2018-04-29 4:25,544,566,-22
2018-04-29 4:26,547,569,-22
2018-04-29 4:27,549,571,-22
2018-04-29 4:28,552,574,-22
2018-04-29 4:29,555,576,-21
2018-04-29 4:30,558,578,-20
2018-04-29 4:31,560,580,-20
2018-04-29 4:32,563,583,-20
2018-04-29 4:33,565,585,-20
2018-04-29 4:34,568,587,-19
2018-04-29 4:35,570,589,-19
2018-04-29 4:36,573,591,-18
2018-04-29 4:37,575,593,-18
2018-04-29 4:38,578,595,-17
2018-04-29 4:39,580,597,-17
2018-04-29 4:40,582,599,-17
2018-04-29 4:41,584,601,-17
2018-04-29 4:42,587,603,-16
2018-04-29 4:43,589,605,-16
2018-04-29 4:44,592,607,-15
2018-04-29 4:45,594,609,-15
2018-04-29 4:46,597,611,-14
2018-04-29 4:47,599,612,-13
2018-04-29 4:48,601,614,-13
2018-04-29 4:49,603,616,-13
2018-04-29 4:50,605,617,-12
2018-04-29 4:51,607,619,-12
2018-04-29 4:52,609,621,-12
2018-04-29 4:53,611,622,-11
2018-04-29 4:54,613,624,-11
2018-04-29 4:55,614,625,-11
2018-04-29 4:56,616,627,-11
2018-04-29 4:57,618,628,-10
2018-04-29 4:58,619,629,-10
2018-04-29 4:59,621,631,-10
2018-04-29 5:00,623,632,-9
2018-04-29 5:01,624,633,-9
2018-04-29 5:02,626,635,-9
2018-04-29 5:03,628,636,-8
2018-04-29 5:04,629,637,-8
2018-04-29 5:05,631,638,-7
2018-04-29 5:06,632,639,-7
2018-04-29 5:07,634,640,-6
2018-04-29 5:08,635,641,-6
2018-04-29 5:09,636,642,-6
2018-04-29 5:10,638,643,-5
2018-04-29 5:11,639,644,-5
2018-04-29 5:12,640,645,-5
2018-04-29 5:13,642,646,-4
2018-04-29 5:14,643,646,-3
2018-04-29 5:15,644,647,-3
2018-04-29 5:16,645,648,-3
2018-04-29 5:17,646,649,-3
2018-04-29 5:18,648,649,-1
2018-04-29 5:19,649,650,-1
2018-04-29 5:20,650,650,0
2018-04-29 5:21,652,651,1
2018-04-29 5:22,653,651,2
2018-04-29 5:23,654,652,2
2018-04-29 5:24,654,652,2
2018-04-29 5:25,655,653,2
2018-04-29 5:26,655,653,2
2018-04-29 5:27,656,653,3
2018-04-29 5:28,656,654,2
2018-04-29 5:29,657,654,3
2018-04-29 5:30,657,654,3
2018-04-29 5:31,657,654,3
2018-04-29 5:32,658,654,4
2018-04-29 5:33,658,654,4
2018-04-29 5:34,658,654,4
2018-04-29 5:35,659,654,5
2018-04-29 5:36,660,654,6
2018-04-29 5:37,660,654,6
2018-04-29 5:38,660,654,6
2018-04-29 5:39,660,654,6
2018-04-29 5:40,660,654,6
2018-04-29 5:41,660,654,6
2018-04-29 5:42,660,653,7
2018-04-29 5:43,661,653,8
2018-04-29 5:44,660,653,7
2018-04-29 5:45,660,653,7
2018-04-29 5:46,660,652,8
2018-04-29 5:47,660,652,8
2018-04-29 5:48,660,651,9
2018-04-29 5:49,660,651,9
2018-04-29 5:50,659,650,9
2018-04-29 5:51,658,650,8
2018-04-29 5:52,658,649,9
2018-04-29 5:53,658,649,9
2018-04-29 5:54,658,648,10
2018-04-29 5:55,658,648,10
2018-04-29 5:56,657,647,10
2018-04-29 5:57,657,646,11
2018-04-29 5:58,656,645,11
2018-04-29 5:59,655,645,10
2018-04-29 6:00,654,644,10
2018-04-29 6:01,654,643,11
2018-04-29 6:02,653,642,11
2018-04-29 6:03,652,641,11
2018-04-29 6:04,651,640,11
2018-04-29 6:05,650,639,11
2018-04-29 6:06,649,638,11
2018-04-29 6:07,648,637,11
2018-04-29 6:08,647,636,11
2018-04-29 6:09,645,635,10
2018-04-29 6:10,644,634,10
2018-04-29 6:11,643,633,10
2018-04-29 6:12,642,632,10
2018-04-29 6:13,640,631,9
2018-04-29 6:14,639,630,9
2018-04-29 6:15,638,629,9
2018-04-29 6:16,637,627,10
2018-04-29 6:17,635,626,9
2018-04-29 6:18,634,625,9
2018-04-29 6:19,633,624,9
2018-04-29 6:20,631,622,9
2018-04-29 6:21,630,621,9
2018-04-29 6:22,628,620,8
2018-04-29 6:23,626,618,8
2018-04-29 6:24,625,617,8
2018-04-29 6:25,623,616,7
2018-04-29 6:26,622,614,8
2018-04-29 6:27,620,613,7
2018-04-29 6:28,618,611,7
2018-04-29 6:29,617,610,7
2018-04-29 6:30,616,608,8
2018-04-29 6:31,614,607,7
2018-04-29 6:32,613,605,8
2018-04-29 6:33,611,604,7
2018-04-29 6:34,609,602,7
2018-04-29 6:35,608,601,7
2018-04-29 6:36,606,599,7
2018-04-29 6:37,605,597,8
2018-04-29 6:38,603,596,7
2018-04-29 6:39,601,594,7
2018-04-29 6:40,600,593,7
2018-04-29 6:41,598,591,7
2018-04-29 6:42,597,589,8
2018-04-29 6:43,595,588,7
2018-04-29 6:44,593,586,7
2018-04-29 6:45,592,584,8
2018-04-29 6:46,590,583,7
2018-04-29 6:47,589,581,8
2018-04-29 6:48,587,579,8
2018-04-29 6:49,585,577,8
2018-04-29 6:50,584,576,8
2018-04-29 6:51,582,574,8
2018-04-29 6:52,580,572,8
2018-04-29 6:53,579,570,9
2018-04-29 6:54,577,569,8
2018-04-29 6:55,576,567,9
2018-04-29 6:56,574,565,9
2018-04-29 6:57,572,563,9
2018-04-29 6:58,570,561,9
2018-04-29 6:59,568,560,8
2018-04-29 7:00,567,558,9
2018-04-29 7:01,565,556,9
2018-04-29 7:02,563,554,9
2018-04-29 7:03,561,552,9
2018-04-29 7:04,559,551,8
2018-04-29 7:05,558,549,9
2018-04-29 7:06,556,547,9
2018-04-29 7:07,554,545,9
2018-04-29 7:08,552,543,9
2018-04-29 7:09,550,541,9
2018-04-29 7:10,548,540,8
2018-04-29 7:11,547,538,9
2018-04-29 7:12,545,536,9
2018-04-29 7:13,543,534,9
2018-04-29 7:14,542,532,10
2018-04-29 7:15,540,530,10
2018-04-29 7:16,539,529,10
2018-04-29 7:17,537,527,10
2018-04-29 7:18,535,525,10
2018-04-29 7:19,533,523,10
2018-04-29 7:20,531,521,10
2018-04-29 7:21,529,519,10
2018-04-29 7:22,527,518,9
2018-04-29 7:23,525,516,9
2018-04-29 7:24,524,514,10
2018-04-29 7:25,522,512,10
2018-04-29 7:26,520,510,10
2018-04-29 7:27,518,508,10
2018-04-29 7:28,516,507,9
2018-04-29 7:29,514,505,9
2018-04-29 7:30,512,503,9
2018-04-29 7:31,510,501,9
2018-04-29 7:32,508,499,9
2018-04-29 7:33,506,498,8
2018-04-29 7:34,504,496,8
2018-04-29 7:35,503,494,9
2018-04-29 7:36,501,492,9
2018-04-29 7:37,499,490,9
2018-04-29 7:38,497,489,8
2018-04-29 7:39,495,487,8
2018-04-29 7:40,493,485,8
2018-04-29 7:41,491,483,8
2018-04-29 7:42,489,482,7
2018-04-29 7:43,488,480,8
2018-04-29 7:44,486,478,8
2018-04-29 7:45,484,476,8
2018-04-29 7:46,482,475,7
2018-04-29 7:47,480,473,7
2018-04-29 7:48,478,471,7
2018-04-29 7:49,476,469,7
2018-04-29 7:50,474,468,6
2018-04-29 7:51,472,466,6
2018-04-29 7:52,470,464,6
2018-04-29 7:53,468,463,5
2018-04-29 7:54,467,461,6
2018-04-29 7:55,465,459,6
2018-04-29 7:56,463,458,5
2018-04-29 7:57,461,456,5
2018-04-29 7:58,459,454,5
2018-04-29 7:59,457,453,4
2018-04-29 8:00,455,451,4
2018-04-29 8:01,453,449,4
2018-04-29 8:02,451,448,3
2018-04-29 8:03,449,446,3
2018-04-29 8:04,448,444,4
2018-04-29 8:05,446,443,3
2018-04-29 8:06,444,441,3
2018-04-29 8:07,442,439,3
2018-04-29 8:08,441,438,3
2018-04-29 8:09,439,436,3
2018-04-29 8:10,437,435,2
2018-04-29 8:11,435,433,2
2018-04-29 8:12,433,431,2
2018-04-29 8:13,432,430,2
2018-04-29 8:14,430,428,2
2018-04-29 8:15,428,427,1
2018-04-29 8:16,427,425,2
2018-04-29 8:17,425,424,1
2018-04-29 8:18,423,422,1
2018-04-29 8:19,421,421,0
2018-04-29 8:20,419,419,0
2018-04-29 8:21,418,417,1
2018-04-29 8:22,416,416,0
2018-04-29 8:23,414,414,0
2018-04-29 8:24,412,413,-1
2018-04-29 8:25,411,411,0
2018-04-29 8:26,409,410,-1
2018-04-29 8:27,407,408,-1
2018-04-29 8:28,405,407,-2
2018-04-29 8:29,404,405,-1
2018-04-29 8:30,402,404,-2
2018-04-29 8:31,400,402,-2
2018-04-29 8:32,398,401,-3
2018-04-29 8:33,396,399,-3
2018-04-29 8:34,394,398,-4
2018-04-29 8:35,393,396,-3
2018-04-29 8:36,391,395,-4
2018-04-29 8:37,389,393,-4
2018-04-29 8:38,388,392,-4
2018-04-29 8:39,386,391,-5
2018-04-29 8:40,384,389,-5
2018-04-29 8:41,382,388,-6
2018-04-29 8:42,381,386,-5
2018-04-29 8:43,379,385,-6
2018-04-29 8:44,377,383,-6
2018-04-29 8:45,376,382,-6
2018-04-29 8:46,374,380,-6
2018-04-29 8:47,373,379,-6
2018-04-29 8:48,371,377,-6
2018-04-29 8:49,370,376,-6
2018-04-29 8:50,368,375,-7
2018-04-29 8:51,366,373,-7
2018-04-29 8:52,365,372,-7
2018-04-29 8:53,363,370,-7
2018-04-29 8:54,361,369,-8
2018-04-29 8:55,359,367,-8
2018-04-29 8:56,358,366,-8
2018-04-29 8:57,356,365,-9
2018-04-29 8:58,354,363,-9
2018-04-29 8:59,353,362,-9
2018-04-29 9:00,351,360,-9
2018-04-29 9:01,350,359,-9
2018-04-29 9:02,347,357,-10
2018-04-29 9:03,346,356,-10
2018-04-29 9:04,344,355,-11
2018-04-29 9:05,342,353,-11
2018-04-29 9:06,341,352,-11
2018-04-29 9:07,339,350,-11
2018-04-29 9:08,338,349,-11
2018-04-29 9:09,336,347,-11
2018-04-29 9:10,334,346,-12
2018-04-29 9:11,333,344,-11
2018-04-29 9:12,331,343,-12
2018-04-29 9:13,329,342,-13
2018-04-29 9:14,328,340,-12
2018-04-29 9:15,326,339,-13
2018-04-29 9:16,324,337,-13
2018-04-29 9:17,323,336,-13
2018-04-29 9:18,321,334,-13
2018-04-29 9:19,320,333,-13
2018-04-29 9:20,318,331,-13
2018-04-29 9:21,317,330,-13
2018-04-29 9:22,315,329,-14
2018-04-29 9:23,314,327,-13
2018-04-29 9:24,312,326,-14
2018-04-29 9:25,311,324,-13
2018-04-29 9:26,309,323,-14
2018-04-29 9:27,307,321,-14
2018-04-29 9:28,306,320,-14
2018-04-29 9:29,305,318,-13
2018-04-29 9:30,303,317,-14
2018-04-29 9:31,301,315,-14
2018-04-29 9:32,300,314,-14
2018-04-29 9:33,299,312,-13
2018-04-29 9:34,297,311,-14
2018-04-29 9:35,296,309,-13
2018-04-29 9:36,295,308,-13
2018-04-29 9:37,293,306,-13
2018-04-29 9:38,291,305,-14
2018-04-29 9:39,290,303,-13
2018-04-29 9:40,288,302,-14
2018-04-29 9:41,287,300,-13
2018-04-29 9:42,285,299,-14
2018-04-29 9:43,284,297,-13
2018-04-29 9:44,283,296,-13
2018-04-29 9:45,281,294,-13
2018-04-29 9:46,280,293,-13
2018-04-29 9:47,278,291,-13
2018-04-29 9:48,277,290,-13
2018-04-29 9:49,276,288,-12
2018-04-29 9:50,275,287,-12
2018-04-29 9:51,273,285,-12
2018-04-29 9:52,271,283,-12
2018-04-29 9:53,270,282,-12
2018-04-29 9:54,269,280,-11
2018-04-29 9:55,267,279,-12
2018-04-29 9:56,266,277,-11
2018-04-29 9:57,264,276,-12
2018-04-29 9:58,263,274,-11
2018-04-29 9:59,262,273,-11
2018-04-29 10:00,260,271,-11
2018-04-29 10:01,259,269,-10
2018-04-29 10:02,258,268,-10
2018-04-29 10:03,257,266,-9
2018-04-29 10:04,255,265,-10
2018-04-29 10:05,254,263,-9
2018-04-29 10:06,252,262,-10
2018-04-29 10:07,251,260,-9
2018-04-29 10:08,250,258,-8
2018-04-29 10:09,248,257,-9
2018-04-29 10:10,247,255,-8
2018-04-29 10:11,246,254,-8
2018-04-29 10:12,245,252,-7
2018-04-29 10:13,244,250,-6
2018-04-29 10:14,242,249,-7
2018-04-29 10:15,241,247,-6
2018-04-29 10:16,240,246,-6
2018-04-29 10:17,239,244,-5
2018-04-29 10:18,237,242,-5
2018-04-29 10:19,236,241,-5
2018-04-29 10:20,235,239,-4
2018-04-29 10:21,233,238,-5
2018-04-29 10:22,232,236,-4
2018-04-29 10:23,231,234,-3
2018-04-29 10:24,229,233,-4
2018-04-29 10:25,228,231,-3
2018-04-29 10:26,227,230,-3
2018-04-29 10:27,226,228,-2
2018-04-29 10:28,225,226,-1
2018-04-29 10:29,224,225,-1
2018-04-29 10:30,223,223,0
2018-04-29 10:31,222,222,0
2018-04-29 10:32,220,220,0
2018-04-29 10:33,219,218,1
2018-04-29 10:34,218,217,1
2018-04-29 10:35,216,215,1
2018-04-29 10:36,215,214,1
2018-04-29 10:37,214,212,2
2018-04-29 10:38,213,211,2
2018-04-29 10:39,211,209,2
2018-04-29 10:40,210,207,3
2018-04-29 10:41,209,206,3
2018-04-29 10:42,207,204,3
2018-04-29 10:43,206,203,3
2018-04-29 10:44,205,201,4
2018-04-29 10:45,204,200,4
2018-04-29 10:46,203,198,5
2018-04-29 10:47,202,197,5
2018-04-29 10:48,200,195,5
2018-04-29 10:49,200,193,7
2018-04-29 10:50,198,192,6
2018-04-29 10:51,197,190,7
2018-04-29 10:52,196,189,7
2018-04-29 10:53,195,187,8
2018-04-29 10:54,193,186,7
2018-04-29 10:55,192,184,8
2018-04-29 10:56,191,183,8
2018-04-29 10:57,190,181,9
2018-04-29 10:58,189,180,9
2018-04-29 10:59,188,178,10
2018-04-29 11:00,187,177,10
2018-04-29 11:01,186,175,11
2018-04-29 11:02,185,174,11
2018-04-29 11:03,184,172,12
2018-04-29 11:04,183,171,12
2018-04-29 11:05,181,170,11
2018-04-29 11:06,180,168,12
2018-04-29 11:07,179,167,12
2018-04-29 11:08,178,165,13
2018-04-29 11:09,177,164,13
2018-04-29 11:10,175,162,13
2018-04-29 11:11,174,161,13
2018-04-29 11:12,173,160,13
2018-04-29 11:13,172,158,14
2018-04-29 11:14,171,157,14
2018-04-29 11:15,170,155,15
2018-04-29 11:16,169,154,15
2018-04-29 11:17,168,153,15
2018-04-29 11:18,167,151,16
2018-04-29 11:19,166,150,16
2018-04-29 11:20,165,149,16
2018-04-29 11:21,164,148,16
2018-04-29 11:22,163,146,17
2018-04-29 11:23,161,145,16
2018-04-29 11:24,160,144,16
2018-04-29 11:25,159,142,17
2018-04-29 11:26,158,141,17
2018-04-29 11:27,157,140,17
2018-04-29 11:28,156,139,17
2018-04-29 11:29,155,137,18
2018-04-29 11:30,155,136,19
2018-04-29 11:31,153,135,18
2018-04-29 11:32,152,134,18
2018-04-29 11:33,151,133,18
2018-04-29 11:34,150,131,19
2018-04-29 11:35,149,130,19
2018-04-29 11:36,149,129,20
2018-04-29 11:37,148,128,20
2018-04-29 11:38,147,127,20
2018-04-29 11:39,146,126,20
2018-04-29 11:40,145,125,20
2018-04-29 11:41,144,124,20
2018-04-29 11:42,143,123,20
2018-04-29 11:43,142,122,20
2018-04-29 11:44,141,121,20
2018-04-29 11:45,140,120,20
2018-04-29 11:46,138,119,19
2018-04-29 11:47,137,118,19
2018-04-29 11:48,136,117,19
2018-04-29 11:49,135,116,19
2018-04-29 11:50,134,115,19
2018-04-29 11:51,133,114,19
2018-04-29 11:52,132,113,19
2018-04-29 11:53,131,112,19
2018-04-29 11:54,131,111,20
2018-04-29 11:55,129,110,19
2018-04-29 11:56,129,109,20
2018-04-29 11:57,128,108,20
2018-04-29 11:58,126,108,18
2018-04-29 11:59,125,107,18
2018-04-29 12:00,124,106,18
2018-04-29 12:01,124,105,19
2018-04-29 12:02,122,104,18
2018-04-29 12:03,122,104,18
2018-04-29 12:04,121,103,18
2018-04-29 12:05,120,102,18
2018-04-29 12:06,119,101,18
2018-04-29 12:07,118,101,17
2018-04-29 12:08,117,100,17
2018-04-29 12:09,116,99,17
2018-04-29 12:10,115,99,16
2018-04-29 12:11,114,98,16
2018-04-29 12:12,113,97,16
2018-04-29 12:13,112,97,15
2018-04-29 12:14,112,96,16
2018-04-29 12:15,111,96,15
2018-04-29 12:16,110,95,15
2018-04-29 12:17,109,95,14
2018-04-29 12:18,108,94,14
2018-04-29 12:19,107,94,13
2018-04-29 12:20,106,93,13
2018-04-29 12:21,105,93,12
2018-04-29 12:22,104,92,12
2018-04-29 12:23,104,92,12
2018-04-29 12:24,103,91,12
2018-04-29 12:25,102,91,11
2018-04-29 12:26,101,90,11
2018-04-29 12:27,100,90,10
2018-04-29 12:28,99,90,9
2018-04-29 12:29,98,89,9
2018-04-29 12:30,97,89,8
2018-04-29 12:31,96,89,7
2018-04-29 12:32,96,89,7
2018-04-29 12:33,94,88,6
2018-04-29 12:34,94,88,6
2018-04-29 12:35,93,88,5
2018-04-29 12:36,92,88,4
2018-04-29 12:37,91,87,4
2018-04-29 12:38,91,87,4
2018-04-29 12:39,90,87,3
2018-04-29 12:40,89,87,2
2018-04-29 12:41,89,87,2
2018-04-29 12:42,88,87,1
2018-04-29 12:43,87,87,0
2018-04-29 12:44,86,86,0
2018-04-29 12:45,85,86,-1
2018-04-29 12:46,85,86,-1
2018-04-29 12:47,83,86,-3
2018-04-29 12:48,83,86,-3
2018-04-29 12:49,82,86,-4
2018-04-29 12:50,81,86,-5
2018-04-29 12:51,81,86,-5
2018-04-29 12:52,80,86,-6
2018-04-29 12:53,80,87,-7
2018-04-29 12:54,79,87,-8
2018-04-29 12:55,79,87,-8
2018-04-29 12:56,78,87,-9
2018-04-29 12:57,77,87,-10
2018-04-29 12:58,77,87,-10
2018-04-29 12:59,76,87,-11
2018-04-29 13:00,76,88,-12
2018-04-29 13:01,76,88,-12
2018-04-29 13:02,75,88,-13
2018-04-29 13:03,75,88,-13
2018-04-29 13:04,75,89,-14
2018-04-29 13:05,74,89,-15
2018-04-29 13:06,74,89,-15
2018-04-29 13:07,74,90,-16
2018-04-29 13:08,74,90,-16
2018-04-29 13:09,74,91,-17
2018-04-29 13:10,74,91,-17
2018-04-29 13:11,74,91,-17
2018-04-29 13:12,74,92,-18
2018-04-29 13:13,75,92,-17
2018-04-29 13:14,76,93,-17
2018-04-29 13:15,76,93,-17
2018-04-29 13:16,77,94,-17
2018-04-29 13:17,78,94,-16
2018-04-29 13:18,79,95,-16
2018-04-29 13:19,80,95,-15
2018-04-29 13:20,82,96,-14
2018-04-29 13:21,84,97,-13
2018-04-29 13:22,86,97,-11
2018-04-29 13:23,88,98,-10
2018-04-29 13:24,91,99,-8
2018-04-29 13:25,92,99,-7
2018-04-29 13:26,95,100,-5
2018-04-29 13:27,97,101,-4
2018-04-29 13:28,100,102,-2
2018-04-29 13:29,102,102,0
2018-04-29 13:30,105,103,2
2018-04-29 13:31,107,104,3
2018-04-29 13:32,109,105,4
2018-04-29 13:33,111,106,5
2018-04-29 13:34,114,107,7
2018-04-29 13:35,115,107,8
2018-04-29 13:36,117,108,9
2018-04-29 13:37,119,109,10
2018-04-29 13:38,120,110,10
2018-04-29 13:39,122,111,11
2018-04-29 13:40,124,112,12
2018-04-29 13:41,126,113,13
2018-04-29 13:42,128,114,14
2018-04-29 13:43,130,115,15
2018-04-29 13:44,132,117,15
2018-04-29 13:45,133,118,15
2018-04-29 13:46,135,119,16
2018-04-29 13:47,136,120,16
2018-04-29 13:48,138,121,17
2018-04-29 13:49,140,122,18
2018-04-29 13:50,142,124,18
2018-04-29 13:51,143,125,18
2018-04-29 13:52,145,126,19
2018-04-29 13:53,146,127,19
2018-04-29 13:54,148,129,19
2018-04-29 13:55,149,130,19
2018-04-29 13:56,151,131,20
2018-04-29 13:57,152,133,19
2018-04-29 13:58,154,134,20
2018-04-29 13:59,155,136,19
2018-04-29 14:00,156,137,19
2018-04-29 14:01,158,138,20
2018-04-29 14:02,159,140,19
2018-04-29 14:03,161,141,20
2018-04-29 14:04,162,143,19
2018-04-29 14:05,164,144,20
2018-04-29 14:06,165,146,19
2018-04-29 14:07,166,148,18
2018-04-29 14:08,168,149,19
2018-04-29 14:09,169,151,18
2018-04-29 14:10,170,153,17
2018-04-29 14:11,171,154,17
2018-04-29 14:12,173,156,17
2018-04-29 14:13,174,158,16
2018-04-29 14:14,175,159,16
2018-04-29 14:15,177,161,16
2018-04-29 14:16,178,163,15
2018-04-29 14:17,180,165,15
2018-04-29 14:18,181,167,14
2018-04-29 14:19,182,168,14
2018-04-29 14:20,184,170,14
2018-04-29 14:21,185,172,13
2018-04-29 14:22,186,174,12
2018-04-29 14:23,187,176,11
2018-04-29 14:24,189,178,11
2018-04-29 14:25,190,180,10
2018-04-29 14:26,191,182,9
2018-04-29 14:27,193,184,9
2018-04-29 14:28,194,186,8
2018-04-29 14:29,196,188,8
2018-04-29 14:30,198,190,8
2018-04-29 14:31,199,192,7
2018-04-29 14:32,201,195,6
2018-04-29 14:33,203,197,6
2018-04-29 14:34,204,199,5
2018-04-29 14:35,205,201,4
2018-04-29 14:36,207,203,4
2018-04-29 14:37,209,206,3
2018-04-29 14:38,210,208,2
2018-04-29 14:39,212,210,2
2018-04-29 14:40,214,212,2
2018-04-29 14:41,216,215,1
2018-04-29 14:42,218,217,1
2018-04-29 14:43,220,219,1
2018-04-29 14:44,222,222,0
2018-04-29 14:45,224,224,0
2018-04-29 14:46,225,227,-2
2018-04-29 14:47,228,229,-1
2018-04-29 14:48,230,232,-2
2018-04-29 14:49,232,234,-2
2018-04-29 14:50,235,237,-2
2018-04-29 14:51,237,239,-2
2018-04-29 14:52,240,242,-2
2018-04-29 14:53,242,244,-2
2018-04-29 14:54,244,247,-3
2018-04-29 14:55,247,249,-2
2018-04-29 14:56,250,252,-2
2018-04-29 14:57,252,255,-3
2018-04-29 14:58,255,257,-2
2018-04-29 14:59,258,260,-2
2018-04-29 15:00,261,263,-2
2018-04-29 15:01,264,265,-1
2018-04-29 15:02,266,268,-2
2018-04-29 15:03,269,271,-2
2018-04-29 15:04,272,274,-2
2018-04-29 15:05,275,276,-1
2018-04-29 15:06,278,279,-1
2018-04-29 15:07,281,282,-1
2018-04-29 15:08,283,285,-2
2018-04-29 15:09,286,288,-2
2018-04-29 15:10,289,291,-2
2018-04-29 15:11,292,293,-1
2018-04-29 15:12,295,296,-1
2018-04-29 15:13,298,299,-1
2018-04-29 15:14,300,302,-2
2018-04-29 15:15,303,305,-2
2018-04-29 15:16,306,308,-2
2018-04-29 15:17,308,311,-3
2018-04-29 15:18,311,314,-3
2018-04-29 15:19,314,317,-3
2018-04-29 15:20,317,320,-3
2018-04-29 15:21,319,323,-4
2018-04-29 15:22,322,326,-4
2018-04-29 15:23,325,329,-4
2018-04-29 15:24,327,332,-5
2018-04-29 15:25,330,335,-5
2018-04-29 15:26,333,338,-5
2018-04-29 15:27,336,341,-5
2018-04-29 15:28,338,344,-6
2018-04-29 15:29,341,347,-6
2018-04-29 15:30,344,350,-6
2018-04-29 15:31,347,353,-6
2018-04-29 15:32,349,357,-8
2018-04-29 15:33,352,360,-8
2018-04-29 15:34,355,363,-8
2018-04-29 15:35,358,366,-8
2018-04-29 15:36,360,369,-9
2018-04-29 15:37,363,372,-9
2018-04-29 15:38,366,375,-9
2018-04-29 15:39,369,378,-9
2018-04-29 15:40,372,382,-10
2018-04-29 15:41,375,385,-10
2018-04-29 15:42,377,388,-11
2018-04-29 15:43,380,391,-11
2018-04-29 15:44,383,394,-11
2018-04-29 15:45,386,397,-11
2018-04-29 15:46,389,401,-12
2018-04-29 15:47,392,404,-12
2018-04-29 15:48,394,407,-13
2018-04-29 15:49,397,410,-13
2018-04-29 15:50,400,413,-13
2018-04-29 15:51,403,416,-13
2018-04-29 15:52,406,420,-14
2018-04-29 15:53,409,423,-14
2018-04-29 15:54,412,426,-14
2018-04-29 15:55,415,429,-14
2018-04-29 15:56,418,432,-14
2018-04-29 15:57,421,435,-14
2018-04-29 15:58,424,439,-15
2018-04-29 15:59,427,442,-15
2018-04-29 16:00,430,445,-15
2018-04-29 16:01,433,448,-15
2018-04-29 16:02,436,451,-15
2018-04-29 16:03,439,454,-15
2018-04-29 16:04,442,457,-15
2018-04-29 16:05,446,460,-14
2018-04-29 16:06,449,463,-14
2018-04-29 16:07,452,467,-15
2018-04-29 16:08,454,470,-16
2018-04-29 16:09,457,473,-16
2018-04-29 16:10,461,476,-15
2018-04-29 16:11,463,479,-16
2018-04-29 16:12,466,482,-16
2018-04-29 16:13,469,485,-16
2018-04-29 16:14,472,488,-16
2018-04-29 16:15,474,491,-17
2018-04-29 16:16,477,494,-17
2018-04-29 16:17,480,497,-17
2018-04-29 16:18,483,500,-17
2018-04-29 16:19,486,503,-17
2018-04-29 16:20,489,506,-17
2018-04-29 16:21,491,509,-18
2018-04-29 16:22,494,511,-17
2018-04-29 16:23,497,514,-17
2018-04-29 16:24,500,517,-17
2018-04-29 16:25,503,520,-17
2018-04-29 16:26,505,523,-18
2018-04-29 16:27,508,526,-18
2018-04-29 16:28,510,528,-18
2018-04-29 16:29,513,531,-18
2018-04-29 16:30,516,534,-18
2018-04-29 16:31,519,537,-18
2018-04-29 16:32,521,539,-18
2018-04-29 16:33,524,542,-18
2018-04-29 16:34,526,545,-19
2018-04-29 16:35,529,547,-18
2018-04-29 16:36,531,550,-19
2018-04-29 16:37,534,552,-18
2018-04-29 16:38,536,555,-19
2018-04-29 16:39,539,558,-19
2018-04-29 16:40,542,560,-18
2018-04-29 16:41,545,563,-18
2018-04-29 16:42,547,565,-18
2018-04-29 16:43,550,567,-17
2018-04-29 16:44,552,570,-18
2018-04-29 16:45,555,572,-17
2018-04-29 16:46,557,575,-18
2018-04-29 16:47,560,577,-17
2018-04-29 16:48,562,579,-17
2018-04-29 16:49,564,581,-17
2018-04-29 16:50,567,584,-17
2018-04-29 16:51,569,586,-17
2018-04-29 16:52,572,588,-16
2018-04-29 16:53,574,590,-16
2018-04-29 16:54,576,592,-16
2018-04-29 16:55,579,594,-15
2018-04-29 16:56,581,596,-15
2018-04-29 16:57,583,598,-15
2018-04-29 16:58,586,600,-14
2018-04-29 16:59,588,602,-14
2018-04-29 17:00,591,604,-13
2018-04-29 17:01,593,606,-13
2018-04-29 17:02,596,608,-12
2018-04-29 17:03,598,610,-12
2018-04-29 17:04,600,612,-12
2018-04-29 17:05,602,613,-11
2018-04-29 17:06,604,615,-11
2018-04-29 17:07,607,617,-10
2018-04-29 17:08,608,618,-10
2018-04-29 17:09,611,620,-9
2018-04-29 17:10,613,622,-9
2018-04-29 17:11,615,623,-8
2018-04-29 17:12,617,625,-8
2018-04-29 17:13,618,626,-8
2018-04-29 17:14,620,628,-8
2018-04-29 17:15,622,629,-7
2018-04-29 17:16,623,630,-7
2018-04-29 17:17,625,632,-7
2018-04-29 17:18,627,633,-6
2018-04-29 17:19,628,634,-6
2018-04-29 17:20,630,635,-5
2018-04-29 17:21,631,637,-6
2018-04-29 17:22,633,638,-5
2018-04-29 17:23,634,639,-5
2018-04-29 17:24,635,640,-5
2018-04-29 17:25,636,641,-5
2018-04-29 17:26,637,642,-5
2018-04-29 17:27,638,643,-5
2018-04-29 17:28,640,644,-4
2018-04-29 17:29,641,645,-4
2018-04-29 17:30,642,645,-3
2018-04-29 17:31,644,646,-2
2018-04-29 17:32,646,647,-1
2018-04-29 17:33,646,648,-2
2018-04-29 17:34,648,648,0
2018-04-29 17:35,649,649,0
2018-04-29 17:36,650,650,0
2018-04-29 17:37,651,650,1
2018-04-29 17:38,653,651,2
2018-04-29 17:39,653,651,2
2018-04-29 17:40,654,652,2
2018-04-29 17:41,654,652,2
2018-04-29 17:42,655,652,3
2018-04-29 17:43,656,653,3
2018-04-29 17:44,656,653,3
2018-04-29 17:45,657,653,4
2018-04-29 17:46,657,653,4
2018-04-29 17:47,658,654,4
2018-04-29 17:48,658,654,4
2018-04-29 17:49,658,654,4
2018-04-29 17:50,658,654,4
2018-04-29 17:51,659,654,5
2018-04-29 17:52,659,654,5
2018-04-29 17:53,659,654,5
2018-04-29 17:54,659,654,5
2018-04-29 17:55,659,654,5
2018-04-29 17:56,659,653,6
2018-04-29 17:57,658,653,5
2018-04-29 17:58,658,653,5
2018-04-29 17:59,657,653,4
2018-04-29 18:00,657,652,5
2018-04-29 18:01,657,652,5
2018-04-29 18:02,657,652,5
2018-04-29 18:03,656,651,5
2018-04-29 18:04,656,651,5
2018-04-29 18:05,656,650,6
2018-04-29 18:06,655,650,5
2018-04-29 18:07,655,649,6
2018-04-29 18:08,654,649,5
2018-04-29 18:09,654,648,6
2018-04-29 18:10,653,648,5
2018-04-29 18:11,652,647,5
2018-04-29 18:12,652,646,6
2018-04-29 18:13,651,645,6
2018-04-29 18:14,650,645,5
2018-04-29 18:15,650,644,6
2018-04-29 18:16,649,643,6
2018-04-29 18:17,648,642,6
2018-04-29 18:18,647,641,6
2018-04-29 18:19,646,640,6
2018-04-29 18:20,645,639,6
2018-04-29 18:21,644,638,6
2018-04-29 18:22,643,637,6
2018-04-29 18:23,642,636,6
2018-04-29 18:24,641,635,6
2018-04-29 18:25,639,634,5
2018-04-29 18:26,638,633,5
2018-04-29 18:27,637,632,5
2018-04-29 18:28,636,631,5
2018-04-29 18:29,635,630,5
2018-04-29 18:30,633,628,5
2018-04-29 18:31,632,627,5
2018-04-29 18:32,631,626,5
2018-04-29 18:33,629,625,4
2018-04-29 18:34,628,623,5
2018-04-29 18:35,626,622,4
2018-04-29 18:36,625,621,4
2018-04-29 18:37,623,619,4
2018-04-29 18:38,621,618,3
2018-04-29 18:39,620,616,4
2018-04-29 18:40,618,615,3
2018-04-29 18:41,617,613,4
2018-04-29 18:42,616,612,4
2018-04-29 18:43,614,610,4
2018-04-29 18:44,612,609,3
2018-04-29 18:45,611,607,4
2018-04-29 18:46,609,606,3
2018-04-29 18:47,607,604,3
2018-04-29 18:48,605,603,2
2018-04-29 18:49,604,601,3
2018-04-29 18:50,602,599,3
2018-04-29 18:51,600,598,2
2018-04-29 18:52,599,596,3
2018-04-29 18:53,598,594,4
2018-04-29 18:54,596,593,3
2018-04-29 18:55,595,591,4
2018-04-29 18:56,593,589,4
2018-04-29 18:57,592,587,5
2018-04-29 18:58,590,586,4
2018-04-29 18:59,589,584,5
2018-04-29 19:00,588,582,6
2018-04-29 19:01,586,580,6
2018-04-29 19:02,584,579,5
2018-04-29 19:03,583,577,6
2018-04-29 19:04,581,575,6
2018-04-29 19:05,579,573,6
2018-04-29 19:06,578,571,7
2018-04-29 19:07,576,569,7
2018-04-29 19:08,575,568,7
2018-04-29 19:09,573,566,7
2018-04-29 19:10,571,564,7
2018-04-29 19:11,569,562,7
2018-04-29 19:12,567,560,7
2018-04-29 19:13,565,558,7
2018-04-29 19:14,563,556,7
2018-04-29 19:15,561,554,7
2018-04-29 19:16,560,552,8
2018-04-29 19:17,558,551,7
2018-04-29 19:18,556,549,7
2018-04-29 19:19,554,547,7
2018-04-29 19:20,552,545,7
2018-04-29 19:21,550,543,7
2018-04-29 19:22,548,541,7
2018-04-29 19:23,546,539,7
2018-04-29 19:24,545,537,8
2018-04-29 19:25,543,535,8
2018-04-29 19:26,541,533,8
2018-04-29 19:27,539,531,8
2018-04-29 19:28,538,529,9
2018-04-29 19:29,536,527,9
2018-04-29 19:30,534,525,9
2018-04-29 19:31,532,523,9
2018-04-29 19:32,530,521,9
2018-04-29 19:33,528,520,8
2018-04-29 19:34,526,518,8
2018-04-29 19:35,525,516,9
2018-04-29 19:36,523,514,9
2018-04-29 19:37,521,512,9
2018-04-29 19:38,519,510,9
2018-04-29 19:39,517,508,9
2018-04-29 19:40,514,506,8
2018-04-29 19:41,513,504,9
2018-04-29 19:42,510,502,8
2018-04-29 19:43,508,500,8
2018-04-29 19:44,507,498,9
2018-04-29 19:45,505,496,9
2018-04-29 19:46,503,495,8
2018-04-29 19:47,501,493,8
2018-04-29 19:48,499,491,8
2018-04-29 19:49,497,489,8
2018-04-29 19:50,495,487,8
2018-04-29 19:51,493,485,8
2018-04-29 19:52,491,483,8
2018-04-29 19:53,489,481,8
2018-04-29 19:54,488,480,8
2018-04-29 19:55,486,478,8
2018-04-29 19:56,484,476,8
2018-04-29 19:57,482,474,8
2018-04-29 19:58,480,472,8
2018-04-29 19:59,478,470,8
2018-04-29 20:00,475,469,6
2018-04-29 20:01,474,467,7
2018-04-29 20:02,472,465,7
2018-04-29 20:03,470,463,7
2018-04-29 20:04,468,461,7
2018-04-29 20:05,466,460,6
2018-04-29 20:06,465,458,7
2018-04-29 20:07,463,456,7
2018-04-29 20:08,461,454,7
2018-04-29 20:09,459,453,6
2018-04-29 20:10,457,451,6
2018-04-29 20:11,455,449,6
2018-04-29 20:12,453,447,6
2018-04-29 20:13,451,446,5
2018-04-29 20:14,450,444,6
2018-04-29 20:15,448,442,6
2018-04-29 20:16,446,440,6
2018-04-29 20:17,444,439,5
2018-04-29 20:18,442,437,5
2018-04-29 20:19,440,435,5
2018-04-29 20:20,438,434,4
2018-04-29 20:21,436,432,4
2018-04-29 20:22,434,430,4
2018-04-29 20:23,432,429,3
2018-04-29 20:24,431,427,4
2018-04-29 20:25,429,426,3
2018-04-29 20:26,427,424,3
2018-04-29 20:27,426,422,4
2018-04-29 20:28,424,421,3
2018-04-29 20:29,422,419,3
2018-04-29 20:30,420,418,2
2018-04-29 20:31,418,416,2
2018-04-29 20:32,417,414,3
2018-04-29 20:33,415,413,2
2018-04-29 20:34,413,411,2
2018-04-29 20:35,412,410,2
2018-04-29 20:36,410,408,2
2018-04-29 20:37,408,407,1
2018-04-29 20:38,407,405,2
2018-04-29 20:39,404,404,0
2018-04-29 20:40,402,402,0
2018-04-29 20:41,401,401,0
2018-04-29 20:42,399,399,0
2018-04-29 20:43,397,398,-1
2018-04-29 20:44,395,396,-1
2018-04-29 20:45,394,395,-1
2018-04-29 20:46,392,393,-1
2018-04-29 20:47,390,392,-2
2018-04-29 20:48,388,390,-2
2018-04-29 20:49,386,389,-3
2018-04-29 20:50,385,387,-2
2018-04-29 20:51,383,386,-3
2018-04-29 20:52,381,384,-3
2018-04-29 20:53,379,383,-4
2018-04-29 20:54,378,382,-4
2018-04-29 20:55,376,380,-4
2018-04-29 20:56,375,379,-4
2018-04-29 20:57,373,377,-4
2018-04-29 20:58,371,376,-5
2018-04-29 20:59,370,374,-4
2018-04-29 21:00,368,373,-5
2018-04-29 21:01,366,372,-6
2018-04-29 21:02,365,370,-5
2018-04-29 21:03,363,369,-6
2018-04-29 21:04,362,367,-5
2018-04-29 21:05,360,366,-6
2018-04-29 21:06,358,365,-7
2018-04-29 21:07,357,363,-6
2018-04-29 21:08,355,362,-7
2018-04-29 21:09,354,361,-7
2018-04-29 21:10,352,359,-7
2018-04-29 21:11,350,358,-8
2018-04-29 21:12,348,356,-8
2018-04-29 21:13,346,355,-9
2018-04-29 21:14,345,354,-9
2018-04-29 21:15,343,352,-9
2018-04-29 21:16,342,351,-9
2018-04-29 21:17,340,350,-10
2018-04-29 21:18,338,348,-10
2018-04-29 21:19,336,347,-11
2018-04-29 21:20,335,346,-11
2018-04-29 21:21,333,344,-11
2018-04-29 21:22,332,343,-11
2018-04-29 21:23,330,341,-11
2018-04-29 21:24,328,340,-12
2018-04-29 21:25,326,339,-13
2018-04-29 21:26,325,337,-12
2018-04-29 21:27,323,336,-13
2018-04-29 21:28,322,335,-13
2018-04-29 21:29,320,333,-13
2018-04-29 21:30,319,332,-13
2018-04-29 21:31,317,331,-14
2018-04-29 21:32,316,329,-13
2018-04-29 21:33,314,328,-14
2018-04-29 21:34,313,327,-14
2018-04-29 21:35,311,325,-14
2018-04-29 21:36,309,324,-15
2018-04-29 21:37,308,322,-14
2018-04-29 21:38,306,321,-15
2018-04-29 21:39,305,320,-15
2018-04-29 21:40,303,318,-15
2018-04-29 21:41,302,317,-15
2018-04-29 21:42,300,316,-16
2018-04-29 21:43,299,314,-15
2018-04-29 21:44,298,313,-15
2018-04-29 21:45,296,311,-15
2018-04-29 21:46,295,310,-15
2018-04-29 21:47,293,309,-16
2018-04-29 21:48,292,307,-15
2018-04-29 21:49,290,306,-16
2018-04-29 21:50,289,304,-15
2018-04-29 21:51,288,303,-15
2018-04-29 21:52,286,302,-16
2018-04-29 21:53,285,300,-15
2018-04-29 21:54,283,299,-16
2018-04-29 21:55,282,297,-15
2018-04-29 21:56,281,296,-15
2018-04-29 21:57,279,295,-16
2018-04-29 21:58,278,293,-15
2018-04-29 21:59,277,292,-15
2018-04-29 22:00,275,290,-15
2018-04-29 22:01,274,289,-15
2018-04-29 22:02,272,287,-15
2018-04-29 22:03,271,286,-15
2018-04-29 22:04,269,285,-16
2018-04-29 22:05,268,283,-15
2018-04-29 22:06,267,282,-15
2018-04-29 22:07,265,280,-15
2018-04-29 22:08,264,279,-15
2018-04-29 22:09,263,277,-14
2018-04-29 22:10,261,276,-15
2018-04-29 22:11,260,274,-14
2018-04-29 22:12,259,273,-14
2018-04-29 22:13,257,272,-15
2018-04-29 22:14,256,270,-14
2018-04-29 22:15,255,269,-14
2018-04-29 22:16,253,267,-14
2018-04-29 22:17,252,266,-14
2018-04-29 22:18,251,264,-13
2018-04-29 22:19,249,263,-14
2018-04-29 22:20,248,261,-13
2018-04-29 22:21,247,260,-13
2018-04-29 22:22,246,258,-12
2018-04-29 22:23,244,257,-13
2018-04-29 22:24,243,255,-12
2018-04-29 22:25,242,254,-12
2018-04-29 22:26,241,252,-11
2018-04-29 22:27,240,251,-11
2018-04-29 22:28,238,249,-11
2018-04-29 22:29,237,248,-11
2018-04-29 22:30,236,246,-10
2018-04-29 22:31,234,245,-11
2018-04-29 22:32,233,243,-10
2018-04-29 22:33,232,242,-10
2018-04-29 22:34,231,240,-9
2018-04-29 22:35,229,238,-9
2018-04-29 22:36,228,237,-9
2018-04-29 22:37,227,235,-8
2018-04-29 22:38,226,234,-8
2018-04-29 22:39,225,232,-7
2018-04-29 22:40,223,231,-8
2018-04-29 22:41,222,229,-7
2018-04-29 22:42,221,228,-7
2018-04-29 22:43,220,226,-6
2018-04-29 22:44,219,225,-6
2018-04-29 22:45,217,223,-6
2018-04-29 22:46,216,222,-6
2018-04-29 22:47,215,220,-5
2018-04-29 22:48,213,219,-6
2018-04-29 22:49,212,217,-5
2018-04-29 22:50,211,215,-4
2018-04-29 22:51,210,214,-4
2018-04-29 22:52,209,212,-3
2018-04-29 22:53,208,211,-3
2018-04-29 22:54,206,209,-3
2018-04-29 22:55,205,208,-3
2018-04-29 22:56,204,206,-2
2018-04-29 22:57,203,205,-2
2018-04-29 22:58,202,203,-1
2018-04-29 22:59,201,202,-1
2018-04-29 23:00,200,200,0
2018-04-29 23:01,198,199,-1
2018-04-29 23:02,197,197,0
2018-04-29 23:03,196,196,0
2018-04-29 23:04,195,194,1
2018-04-29 23:05,194,193,1
2018-04-29 23:06,193,191,2
2018-04-29 23:07,192,189,3
2018-04-29 23:08,190,188,2
2018-04-29 23:09,189,186,3
2018-04-29 23:10,188,185,3
2018-04-29 23:11,187,184,3
2018-04-29 23:12,186,182,4
2018-04-29 23:13,185,181,4
2018-04-29 23:14,184,179,5
2018-04-29 23:15,183,178,5
2018-04-29 23:16,182,176,6
2018-04-29 23:17,180,175,5
2018-04-29 23:18,179,173,6
2018-04-29 23:19,178,172,6
2018-04-29 23:20,177,170,7
2018-04-29 23:21,175,169,6
2018-04-29 23:22,174,167,7
2018-04-29 23:23,173,166,7
2018-04-29 23:24,172,165,7
2018-04-29 23:25,171,163,8
2018-04-29 23:26,170,162,8
2018-04-29 23:27,169,160,9
2018-04-29 23:28,168,159,9
2018-04-29 23:29,167,158,9
2018-04-29 23:30,166,156,10
2018-04-29 23:31,165,155,10
2018-04-29 23:32,164,153,11
2018-04-29 23:33,163,152,11
2018-04-29 23:34,162,151,11
2018-04-29 23:35,161,149,12
2018-04-29 23:36,159,148,11
2018-04-29 23:37,158,147,11
2018-04-29 23:38,158,145,13
2018-04-29 23:39,156,144,12
2018-04-29 23:40,155,143,12
2018-04-29 23:41,154,141,13
2018-04-29 23:42,153,140,13
2018-04-29 23:43,152,139,13
2018-04-29 23:44,151,138,13
2018-04-29 23:45,150,136,14
2018-04-29 23:46,150,135,15
2018-04-29 23:47,149,134,15
2018-04-29 23:48,148,133,15
2018-04-29 23:49,147,131,16
2018-04-29 23:50,146,130,16
2018-04-29 23:51,145,129,16
2018-04-29 23:52,144,128,16
2018-04-29 23:53,143,127,16
2018-04-29 23:54,142,126,16
2018-04-29 23:55,141,124,17
2018-04-29 23:56,140,123,17
2018-04-29 23:57,139,122,17
2018-04-29 23:58,138,121,17
2018-04-29 23:59,137,120,17
2018-04-30 0:00,136,119,17
2018-04-30 0:01,135,118,17
2018-04-30 0:02,134,117,17
2018-04-30 0:03,133,116,17
2018-04-30 0:04,132,115,17
2018-04-30 0:05,131,114,17
2018-04-30 0:06,130,113,17
2018-04-30 0:07,129,112,17
2018-04-30 0:08,128,111,17
2018-04-30 0:09,128,110,18
2018-04-30 0:10,126,109,17
2018-04-30 0:11,126,108,18
2018-04-30 0:12,125,107,18
2018-04-30 0:13,124,106,18
2018-04-30 0:14,123,105,18
2018-04-30 0:15,121,104,17
2018-04-30 0:16,121,103,18
2018-04-30 0:17,120,103,17
2018-04-30 0:18,119,102,17
2018-04-30 0:19,118,101,17
2018-04-30 0:20,117,100,17
2018-04-30 0:21,116,99,17
2018-04-30 0:22,115,98,17
2018-04-30 0:23,114,98,16
2018-04-30 0:24,113,97,16
2018-04-30 0:25,113,96,17
2018-04-30 0:26,112,95,17
2018-04-30 0:27,111,95,16
2018-04-30 0:28,110,94,16
2018-04-30 0:29,109,93,16
2018-04-30 0:30,108,93,15
2018-04-30 0:31,107,92,15
2018-04-30 0:32,107,91,16
2018-04-30 0:33,106,91,15
2018-04-30 0:34,105,90,15
2018-04-30 0:35,104,90,14
2018-04-30 0:36,103,89,14
2018-04-30 0:37,102,89,13
2018-04-30 0:38,101,88,13
2018-04-30 0:39,100,88,12
2018-04-30 0:40,99,87,12
2018-04-30 0:41,98,87,11
2018-04-30 0:42,97,86,11
2018-04-30 0:43,97,86,11
2018-04-30 0:44,96,85,11
2018-04-30 0:45,95,85,10
2018-04-30 0:46,94,84,10
2018-04-30 0:47,94,84,10
2018-04-30 0:48,93,84,9
2018-04-30 0:49,92,83,9
2018-04-30 0:50,91,83,8
2018-04-30 0:51,91,83,8
2018-04-30 0:52,90,82,8
2018-04-30 0:53,89,82,7
2018-04-30 0:54,88,82,6
2018-04-30 0:55,87,82,5
2018-04-30 0:56,86,81,5
2018-04-30 0:57,86,81,5
2018-04-30 0:58,85,81,4
2018-04-30 0:59,84,81,3
2018-04-30 1:00,83,81,2
2018-04-30 1:01,82,80,2
2018-04-30 1:02,81,80,1
2018-04-30 1:03,81,80,1
2018-04-30 1:04,80,80,0
2018-04-30 1:05,80,80,0
2018-04-30 1:06,79,80,-1
2018-04-30 1:07,78,80,-2
2018-04-30 1:08,77,80,-3
2018-04-30 1:09,77,80,-3
2018-04-30 1:10,76,80,-4
2018-04-30 1:11,75,80,-5
2018-04-30 1:12,75,80,-5
2018-04-30 1:13,74,80,-6
2018-04-30 1:14,73,80,-7
2018-04-30 1:15,73,80,-7
2018-04-30 1:16,72,80,-8
2018-04-30 1:17,72,81,-9
2018-04-30 1:18,72,81,-9
2018-04-30 1:19,71,81,-10
2018-04-30 1:20,70,81,-11
2018-04-30 1:21,70,81,-11
2018-04-30 1:22,70,82,-12
2018-04-30 1:23,70,82,-12
2018-04-30 1:24,70,82,-12
2018-04-30 1:25,70,83,-13
2018-04-30 1:26,69,83,-14
2018-04-30 1:27,69,83,-14
2018-04-30 1:28,69,84,-15
2018-04-30 1:29,69,84,-15
2018-04-30 1:30,70,84,-14
2018-04-30 1:31,70,85,-15
2018-04-30 1:32,71,85,-14
2018-04-30 1:33,72,86,-14
2018-04-30 1:34,73,86,-13
2018-04-30 1:35,74,87,-13
2018-04-30 1:36,75,87,-12
2018-04-30 1:37,77,88,-11
2018-04-30 1:38,79,88,-9
2018-04-30 1:39,81,89,-8
2018-04-30 1:40,83,89,-6
2018-04-30 1:41,86,90,-4
2018-04-30 1:42,89,91,-2
2018-04-30 1:43,91,91,0
2018-04-30 1:44,94,92,2
2018-04-30 1:45,96,93,3
2018-04-30 1:46,99,93,6
2018-04-30 1:47,101,94,7
2018-04-30 1:48,104,95,9
2018-04-30 1:49,106,96,10
2018-04-30 1:50,109,97,12
2018-04-30 1:51,110,97,13
2018-04-30 1:52,112,98,14
2018-04-30 1:53,114,99,15
2018-04-30 1:54,116,100,16
2018-04-30 1:55,118,101,17
2018-04-30 1:56,120,102,18
2018-04-30 1:57,121,103,18
2018-04-30 1:58,123,104,19
2018-04-30 1:59,125,105,20
2018-04-30 2:00,128,106,22
2018-04-30 2:01,130,107,23
2018-04-30 2:02,131,108,23
2018-04-30 2:03,133,109,24
2018-04-30 2:04,134,110,24
2018-04-30 2:05,136,111,25
2018-04-30 2:06,138,112,26
2018-04-30 2:07,139,114,25
2018-04-30 2:08,141,115,26
2018-04-30 2:09,143,116,27
2018-04-30 2:10,144,117,27
2018-04-30 2:11,146,119,27
2018-04-30 2:12,147,120,27
2018-04-30 2:13,149,121,28
2018-04-30 2:14,150,123,27
2018-04-30 2:15,151,124,27
2018-04-30 2:16,153,125,28
2018-04-30 2:17,154,127,27
2018-04-30 2:18,156,128,28
2018-04-30 2:19,157,130,27
2018-04-30 2:20,159,131,28
2018-04-30 2:21,160,133,27
2018-04-30 2:22,162,134,28
2018-04-30 2:23,163,136,27
2018-04-30 2:24,165,137,28
2018-04-30 2:25,166,139,27
2018-04-30 2:26,167,140,27
2018-04-30 2:27,168,142,26
2018-04-30 2:28,169,144,25
2018-04-30 2:29,170,145,25
2018-04-30 2:30,172,147,25
2018-04-30 2:31,173,149,24
2018-04-30 2:32,174,151,23
2018-04-30 2:33,175,152,23
2018-04-30 2:34,176,154,22
2018-04-30 2:35,178,156,22
2018-04-30 2:36,179,158,21
2018-04-30 2:37,180,160,20
2018-04-30 2:38,182,162,20
2018-04-30 2:39,183,164,19
2018-04-30 2:40,184,166,18
2018-04-30 2:41,185,167,18
2018-04-30 2:42,187,169,18
2018-04-30 2:43,188,171,17
2018-04-30 2:44,189,174,15
2018-04-30 2:45,191,176,15
2018-04-30 2:46,192,178,14
2018-04-30 2:47,194,180,14
2018-04-30 2:48,195,182,13
2018-04-30 2:49,197,184,13
2018-04-30 2:50,198,186,12
2018-04-30 2:51,200,188,12
2018-04-30 2:52,202,191,11
2018-04-30 2:53,203,193,10
2018-04-30 2:54,205,195,10
2018-04-30 2:55,206,197,9
2018-04-30 2:56,208,200,8
2018-04-30 2:57,210,202,8
2018-04-30 2:58,212,204,8
2018-04-30 2:59,213,207,6
2018-04-30 3:00,216,209,7
2018-04-30 3:01,217,212,5
2018-04-30 3:02,220,214,6
2018-04-30 3:03,222,217,5
2018-04-30 3:04,224,219,5
2018-04-30 3:05,226,222,4
2018-04-30 3:06,228,224,4
2018-04-30 3:07,230,227,3
2018-04-30 3:08,233,229,4
2018-04-30 3:09,235,232,3
2018-04-30 3:10,238,235,3
2018-04-30 3:11,240,237,3
2018-04-30 3:12,242,240,2
2018-04-30 3:13,245,243,2
2018-04-30 3:14,247,245,2
2018-04-30 3:15,250,248,2
2018-04-30 3:16,253,251,2
2018-04-30 3:17,256,254,2
2018-04-30 3:18,259,256,3
2018-04-30 3:19,262,259,3
2018-04-30 3:20,264,262,2
2018-04-30 3:21,267,265,2
2018-04-30 3:22,270,268,2
2018-04-30 3:23,273,271,2
2018-04-30 3:24,276,273,3
2018-04-30 3:25,279,276,3
2018-04-30 3:26,281,279,2
2018-04-30 3:27,284,282,2
2018-04-30 3:28,287,285,2
2018-04-30 3:29,290,288,2
2018-04-30 3:30,293,291,2
2018-04-30 3:31,296,294,2
2018-04-30 3:32,299,297,2
2018-04-30 3:33,302,300,2
2018-04-30 3:34,305,303,2
2018-04-30 3:35,308,306,2
2018-04-30 3:36,311,310,1
2018-04-30 3:37,314,313,1
2018-04-30 3:38,317,316,1
2018-04-30 3:39,319,319,0
2018-04-30 3:40,322,322,0
2018-04-30 3:41,325,325,0
2018-04-30 3:42,328,328,0
2018-04-30 3:43,331,332,-1
2018-04-30 3:44,334,335,-1
2018-04-30 3:45,337,338,-1
2018-04-30 3:46,340,341,-1
2018-04-30 3:47,342,344,-2
2018-04-30 3:48,345,348,-3
2018-04-30 3:49,348,351,-3
2018-04-30 3:50,351,354,-3
2018-04-30 3:51,354,358,-4
2018-04-30 3:52,357,361,-4
2018-04-30 3:53,360,364,-4
2018-04-30 3:54,363,367,-4
2018-04-30 3:55,366,371,-5
2018-04-30 3:56,369,374,-5
2018-04-30 3:57,372,377,-5
2018-04-30 3:58,375,381,-6
2018-04-30 3:59,378,384,-6
2018-04-30 4:00,380,387,-7
2018-04-30 4:01,383,391,-8
2018-04-30 4:02,387,394,-7
2018-04-30 4:03,389,397,-8
2018-04-30 4:04,392,401,-9
2018-04-30 4:05,395,404,-9
2018-04-30 4:06,398,407,-9
2018-04-30 4:07,401,411,-10
2018-04-30 4:08,404,414,-10
2018-04-30 4:09,408,418,-10
2018-04-30 4:10,411,421,-10
2018-04-30 4:11,413,424,-11
2018-04-30 4:12,416,428,-12
2018-04-30 4:13,419,431,-12
2018-04-30 4:14,422,434,-12
2018-04-30 4:15,426,438,-12
2018-04-30 4:16,429,441,-12
2018-04-30 4:17,432,444,-12
2018-04-30 4:18,435,448,-13
2018-04-30 4:19,438,451,-13
2018-04-30 4:20,442,455,-13
2018-04-30 4:21,445,458,-13
2018-04-30 4:22,448,461,-13
2018-04-30 4:23,451,465,-14
2018-04-30 4:24,454,468,-14
2018-04-30 4:25,458,471,-13
2018-04-30 4:26,462,474,-12
2018-04-30 4:27,465,478,-13
2018-04-30 4:28,468,481,-13
2018-04-30 4:29,471,484,-13
2018-04-30 4:30,474,488,-14
2018-04-30 4:31,477,491,-14
2018-04-30 4:32,480,494,-14
2018-04-30 4:33,483,497,-14
2018-04-30 4:34,486,501,-15
2018-04-30 4:35,488,504,-16
2018-04-30 4:36,491,507,-16
2018-04-30 4:37,495,510,-15
2018-04-30 4:38,497,513,-16
2018-04-30 4:39,500,516,-16
2018-04-30 4:40,503,520,-17
2018-04-30 4:41,506,523,-17
2018-04-30 4:42,509,526,-17
2018-04-30 4:43,512,529,-17
2018-04-30 4:44,515,532,-17
2018-04-30 4:45,518,535,-17
2018-04-30 4:46,521,538,-17
2018-04-30 4:47,523,541,-18
2018-04-30 4:48,526,544,-18
2018-04-30 4:49,529,547,-18
2018-04-30 4:50,531,550,-19
2018-04-30 4:51,534,553,-19
2018-04-30 4:52,537,556,-19
2018-04-30 4:53,540,559,-19
2018-04-30 4:54,542,562,-20
2018-04-30 4:55,545,564,-19
2018-04-30 4:56,548,567,-19
2018-04-30 4:57,551,570,-19
2018-04-30 4:58,554,573,-19
2018-04-30 4:59,557,576,-19
2018-04-30 5:00,560,578,-18
2018-04-30 5:01,562,581,-19
2018-04-30 5:02,565,584,-19
2018-04-30 5:03,568,586,-18
2018-04-30 5:04,571,589,-18
2018-04-30 5:05,574,591,-17
2018-04-30 5:06,577,594,-17
2018-04-30 5:07,580,596,-16
2018-04-30 5:08,582,599,-17
2018-04-30 5:09,585,601,-16
2018-04-30 5:10,587,604,-17
2018-04-30 5:11,590,606,-16
2018-04-30 5:12,593,609,-16
2018-04-30 5:13,596,611,-15
2018-04-30 5:14,599,613,-14
2018-04-30 5:15,602,616,-14
2018-04-30 5:16,604,618,-14
2018-04-30 5:17,607,620,-13
2018-04-30 5:18,610,622,-12
2018-04-30 5:19,613,624,-11
2018-04-30 5:20,615,626,-11
2018-04-30 5:21,617,629,-12
2018-04-30 5:22,620,631,-11
2018-04-30 5:23,622,633,-11
2018-04-30 5:24,624,635,-11
2018-04-30 5:25,626,636,-10
2018-04-30 5:26,628,638,-10
2018-04-30 5:27,630,640,-10
2018-04-30 5:28,632,642,-10
2018-04-30 5:29,634,644,-10
2018-04-30 5:30,636,646,-10
2018-04-30 5:31,637,647,-10
2018-04-30 5:32,639,649,-10
2018-04-30 5:33,640,651,-11
2018-04-30 5:34,642,652,-10
2018-04-30 5:35,643,654,-11
2018-04-30 5:36,645,655,-10
2018-04-30 5:37,647,657,-10
2018-04-30 5:38,648,658,-10
2018-04-30 5:39,650,660,-10
2018-04-30 5:40,652,661,-9
2018-04-30 5:41,654,662,-8
2018-04-30 5:42,655,664,-9
2018-04-30 5:43,657,665,-8
2018-04-30 5:44,658,666,-8
2018-04-30 5:45,660,667,-7
2018-04-30 5:46,661,668,-7
2018-04-30 5:47,663,670,-7
2018-04-30 5:48,664,671,-7
2018-04-30 5:49,666,672,-6
2018-04-30 5:50,667,673,-6
2018-04-30 5:51,668,673,-5
2018-04-30 5:52,670,674,-4
2018-04-30 5:53,671,675,-4
2018-04-30 5:54,672,676,-4
2018-04-30 5:55,673,677,-4
2018-04-30 5:56,675,678,-3
2018-04-30 5:57,676,678,-2
2018-04-30 5:58,677,679,-2
2018-04-30 5:59,678,680,-2
2018-04-30 6:00,679,680,-1
2018-04-30 6:01,679,681,-2
2018-04-30 6:02,680,681,-1
2018-04-30 6:03,681,682,-1
2018-04-30 6:04,681,682,-1
2018-04-30 6:05,682,682,0
2018-04-30 6:06,683,683,0
2018-04-30 6:07,684,683,1
2018-04-30 6:08,684,683,1
2018-04-30 6:09,685,683,2
2018-04-30 6:10,686,684,2
2018-04-30 6:11,686,684,2
2018-04-30 6:12,686,684,2
2018-04-30 6:13,686,684,2
2018-04-30 6:14,687,684,3
2018-04-30 6:15,687,684,3
2018-04-30 6:16,686,684,2
2018-04-30 6:17,687,684,3
2018-04-30 6:18,687,684,3
2018-04-30 6:19,688,683,5
2018-04-30 6:20,688,683,5
2018-04-30 6:21,688,683,5
2018-04-30 6:22,688,683,5
2018-04-30 6:23,687,682,5
2018-04-30 6:24,687,682,5
2018-04-30 6:25,687,682,5
2018-04-30 6:26,687,681,6
2018-04-30 6:27,686,681,5
2018-04-30 6:28,685,680,5
2018-04-30 6:29,685,680,5
2018-04-30 6:30,684,679,5
2018-04-30 6:31,683,679,4
2018-04-30 6:32,683,678,5
2018-04-30 6:33,682,677,5
2018-04-30 6:34,681,677,4
2018-04-30 6:35,680,676,4
2018-04-30 6:36,679,675,4
2018-04-30 6:37,678,674,4
2018-04-30 6:38,677,673,4
2018-04-30 6:39,676,673,3
2018-04-30 6:40,675,672,3
2018-04-30 6:41,675,671,4
2018-04-30 6:42,674,670,4
2018-04-30 6:43,673,669,4
2018-04-30 6:44,671,668,3
2018-04-30 6:45,670,667,3
2018-04-30 6:46,669,666,3
2018-04-30 6:47,667,665,2
2018-04-30 6:48,666,663,3
2018-04-30 6:49,664,662,2
2018-04-30 6:50,663,661,2
2018-04-30 6:51,662,660,2
2018-04-30 6:52,661,659,2
2018-04-30 6:53,660,657,3
2018-04-30 6:54,659,656,3
2018-04-30 6:55,658,655,3
2018-04-30 6:56,657,653,4
2018-04-30 6:57,655,652,3
2018-04-30 6:58,654,651,3
2018-04-30 6:59,653,649,4
2018-04-30 7:00,651,648,3
2018-04-30 7:01,650,646,4
2018-04-30 7:02,648,645,3
2018-04-30 7:03,646,643,3
2018-04-30 7:04,644,642,2
2018-04-30 7:05,642,640,2
2018-04-30 7:06,640,639,1
2018-04-30 7:07,639,637,2
2018-04-30 7:08,638,636,2
2018-04-30 7:09,636,634,2
2018-04-30 7:10,634,632,2
2018-04-30 7:11,632,631,1
2018-04-30 7:12,630,629,1
2018-04-30 7:13,628,627,1
2018-04-30 7:14,626,626,0
2018-04-30 7:15,624,624,0
2018-04-30 7:16,622,622,0
2018-04-30 7:17,621,621,0
2018-04-30 7:18,619,619,0
2018-04-30 7:19,618,617,1
2018-04-30 7:20,616,615,1
2018-04-30 7:21,614,613,1
2018-04-30 7:22,613,612,1
2018-04-30 7:23,611,610,1
2018-04-30 7:24,610,608,2
2018-04-30 7:25,608,606,2
2018-04-30 7:26,607,604,3
2018-04-30 7:27,605,602,3
2018-04-30 7:28,603,601,2
2018-04-30 7:29,602,599,3
2018-04-30 7:30,600,597,3
2018-04-30 7:31,598,595,3
2018-04-30 7:32,597,593,4
2018-04-30 7:33,595,591,4
2018-04-30 7:34,593,589,4
2018-04-30 7:35,592,587,5
2018-04-30 7:36,590,585,5
2018-04-30 7:37,588,583,5
2018-04-30 7:38,586,582,4
2018-04-30 7:39,584,580,4
2018-04-30 7:40,582,578,4
2018-04-30 7:41,581,576,5
2018-04-30 7:42,579,574,5
2018-04-30 7:43,577,572,5
2018-04-30 7:44,575,570,5
2018-04-30 7:45,573,568,5
2018-04-30 7:46,571,566,5
2018-04-30 7:47,569,564,5
2018-04-30 7:48,567,562,5
2018-04-30 7:49,564,560,4
2018-04-30 7:50,563,558,5
2018-04-30 7:51,561,556,5
2018-04-30 7:52,559,554,5
2018-04-30 7:53,558,552,6
2018-04-30 7:54,556,550,6
2018-04-30 7:55,554,548,6
2018-04-30 7:56,552,546,6
2018-04-30 7:57,550,544,6
2018-04-30 7:58,548,542,6
2018-04-30 7:59,546,540,6
2018-04-30 8:00,544,538,6
2018-04-30 8:01,542,536,6
2018-04-30 8:02,541,534,7
2018-04-30 8:03,539,532,7
2018-04-30 8:04,537,531,6
2018-04-30 8:05,535,529,6
2018-04-30 8:06,533,527,6
2018-04-30 8:07,531,525,6
2018-04-30 8:08,529,523,6
2018-04-30 8:09,527,521,6
2018-04-30 8:10,525,519,6
2018-04-30 8:11,523,517,6
2018-04-30 8:12,522,515,7
2018-04-30 8:13,520,513,7
2018-04-30 8:14,518,511,7
2018-04-30 8:15,515,509,6
2018-04-30 8:16,514,508,6
2018-04-30 8:17,512,506,6
2018-04-30 8:18,510,504,6
2018-04-30 8:19,508,502,6
2018-04-30 8:20,506,500,6
2018-04-30 8:21,504,498,6
2018-04-30 8:22,502,496,6
2018-04-30 8:23,500,495,5
2018-04-30 8:24,498,493,5
2018-04-30 8:25,496,491,5
2018-04-30 8:26,494,489,5
2018-04-30 8:27,492,487,5
2018-04-30 8:28,490,485,5
2018-04-30 8:29,488,484,4
2018-04-30 8:30,486,482,4
2018-04-30 8:31,485,480,5
2018-04-30 8:32,483,478,5
2018-04-30 8:33,481,476,5
2018-04-30 8:34,478,475,3
2018-04-30 8:35,476,473,3
2018-04-30 8:36,475,471,4
2018-04-30 8:37,472,470,2
2018-04-30 8:38,470,468,2
2018-04-30 8:39,468,466,2
2018-04-30 8:40,467,464,3
2018-04-30 8:41,465,463,2
2018-04-30 8:42,463,461,2
2018-04-30 8:43,462,459,3
2018-04-30 8:44,460,458,2
2018-04-30 8:45,457,456,1
2018-04-30 8:46,455,454,1
2018-04-30 8:47,454,453,1
2018-04-30 8:48,452,451,1
2018-04-30 8:49,450,449,1
2018-04-30 8:50,449,448,1
2018-04-30 8:51,447,446,1
2018-04-30 8:52,445,444,1
2018-04-30 8:53,443,443,0
2018-04-30 8:54,441,441,0
2018-04-30 8:55,439,440,-1
2018-04-30 8:56,437,438,-1
2018-04-30 8:57,436,436,0
2018-04-30 8:58,434,435,-1
2018-04-30 8:59,432,433,-1
2018-04-30 9:00,430,432,-2
2018-04-30 9:01,429,430,-1
2018-04-30 9:02,427,429,-2
2018-04-30 9:03,425,427,-2
2018-04-30 9:04,423,426,-3
2018-04-30 9:05,421,424,-3
2018-04-30 9:06,419,422,-3
2018-04-30 9:07,417,421,-4
2018-04-30 9:08,415,419,-4
2018-04-30 9:09,413,418,-5
2018-04-30 9:10,412,416,-4
2018-04-30 9:11,410,415,-5
2018-04-30 9:12,408,413,-5
2018-04-30 9:13,406,412,-6
2018-04-30 9:14,404,410,-6
2018-04-30 9:15,402,409,-7
2018-04-30 9:16,400,408,-8
2018-04-30 9:17,398,406,-8
2018-04-30 9:18,397,405,-8
2018-04-30 9:19,395,403,-8
2018-04-30 9:20,394,402,-8
2018-04-30 9:21,392,400,-8
2018-04-30 9:22,390,399,-9
2018-04-30 9:23,389,397,-8
2018-04-30 9:24,387,396,-9
2018-04-30 9:25,385,394,-9
2018-04-30 9:26,383,393,-10
2018-04-30 9:27,381,392,-11
2018-04-30 9:28,380,390,-10
2018-04-30 9:29,378,389,-11
2018-04-30 9:30,376,387,-11
2018-04-30 9:31,375,386,-11
2018-04-30 9:32,373,384,-11
2018-04-30 9:33,372,383,-11
2018-04-30 9:34,370,382,-12
2018-04-30 9:35,368,380,-12
2018-04-30 9:36,366,379,-13
2018-04-30 9:37,365,377,-12
2018-04-30 9:38,363,376,-13
2018-04-30 9:39,361,375,-14
2018-04-30 9:40,360,373,-13
2018-04-30 9:41,358,372,-14
2018-04-30 9:42,356,370,-14
2018-04-30 9:43,355,369,-14
2018-04-30 9:44,353,367,-14
2018-04-30 9:45,351,366,-15
2018-04-30 9:46,349,365,-16
2018-04-30 9:47,348,363,-15
2018-04-30 9:48,346,362,-16
2018-04-30 9:49,344,360,-16
2018-04-30 9:50,342,359,-17
2018-04-30 9:51,341,358,-17
2018-04-30 9:52,339,356,-17
2018-04-30 9:53,338,355,-17
2018-04-30 9:54,336,353,-17
2018-04-30 9:55,334,352,-18
2018-04-30 9:56,333,351,-18
2018-04-30 9:57,331,349,-18
2018-04-30 9:58,329,348,-19
2018-04-30 9:59,328,346,-18
2018-04-30 10:00,326,345,-19
2018-04-30 10:01,324,343,-19
2018-04-30 10:02,323,342,-19
2018-04-30 10:03,321,341,-20
2018-04-30 10:04,320,339,-19
2018-04-30 10:05,318,338,-20
2018-04-30 10:06,317,336,-19
2018-04-30 10:07,315,335,-20
2018-04-30 10:08,314,333,-19
2018-04-30 10:09,312,332,-20
2018-04-30 10:10,311,330,-19
2018-04-30 10:11,309,329,-20
2018-04-30 10:12,308,328,-20
2018-04-30 10:13,306,326,-20
2018-04-30 10:14,304,325,-21
2018-04-30 10:15,303,323,-20
2018-04-30 10:16,302,322,-20
2018-04-30 10:17,300,320,-20
2018-04-30 10:18,299,319,-20
2018-04-30 10:19,297,317,-20
2018-04-30 10:20,296,316,-20
2018-04-30 10:21,295,314,-19
2018-04-30 10:22,293,313,-20
2018-04-30 10:23,291,311,-20
2018-04-30 10:24,290,310,-20
2018-04-30 10:25,289,308,-19
2018-04-30 10:26,287,307,-20
2018-04-30 10:27,286,305,-19
2018-04-30 10:28,284,304,-20
2018-04-30 10:29,283,302,-19
2018-04-30 10:30,282,301,-19
2018-04-30 10:31,280,299,-19
2018-04-30 10:32,279,298,-19
2018-04-30 10:33,278,296,-18
2018-04-30 10:34,277,295,-18
2018-04-30 10:35,275,293,-18
2018-04-30 10:36,273,292,-19
2018-04-30 10:37,272,290,-18
2018-04-30 10:38,271,289,-18
2018-04-30 10:39,269,287,-18
2018-04-30 10:40,268,286,-18
2018-04-30 10:41,266,284,-18
2018-04-30 10:42,265,282,-17
2018-04-30 10:43,264,281,-17
2018-04-30 10:44,262,279,-17
2018-04-30 10:45,261,278,-17
2018-04-30 10:46,260,276,-16
2018-04-30 10:47,259,275,-16
2018-04-30 10:48,258,273,-15
2018-04-30 10:49,256,272,-16
2018-04-30 10:50,255,270,-15
2018-04-30 10:51,253,268,-15
2018-04-30 10:52,252,267,-15
2018-04-30 10:53,251,265,-14
2018-04-30 10:54,249,264,-15
2018-04-30 10:55,248,262,-14
2018-04-30 10:56,247,260,-13
2018-04-30 10:57,246,259,-13
2018-04-30 10:58,244,257,-13
2018-04-30 10:59,243,256,-13
2018-04-30 11:00,242,254,-12
2018-04-30 11:01,241,253,-12
2018-04-30 11:02,239,251,-12
2018-04-30 11:03,238,249,-11
2018-04-30 11:04,237,248,-11
2018-04-30 11:05,236,246,-10
2018-04-30 11:06,234,245,-11
2018-04-30 11:07,233,243,-10
2018-04-30 11:08,231,241,-10
2018-04-30 11:09,230,240,-10
2018-04-30 11:10,229,238,-9
2018-04-30 11:11,228,237,-9
2018-04-30 11:12,227,235,-8
2018-04-30 11:13,225,233,-8
2018-04-30 11:14,224,232,-8
2018-04-30 11:15,223,230,-7
2018-04-30 11:16,222,229,-7
2018-04-30 11:17,221,227,-6
2018-04-30 11:18,220,226,-6
2018-04-30 11:19,218,224,-6
2018-04-30 11:20,217,222,-5
2018-04-30 11:21,216,221,-5
2018-04-30 11:22,215,219,-4
2018-04-30 11:23,213,218,-5
2018-04-30 11:24,212,216,-4
2018-04-30 11:25,211,215,-4
2018-04-30 11:26,210,213,-3
2018-04-30 11:27,208,211,-3
2018-04-30 11:28,207,210,-3
2018-04-30 11:29,206,208,-2
2018-04-30 11:30,205,207,-2
2018-04-30 11:31,204,205,-1
2018-04-30 11:32,203,204,-1
2018-04-30 11:33,202,202,0
2018-04-30 11:34,200,201,-1
2018-04-30 11:35,199,199,0
2018-04-30 11:36,198,198,0
2018-04-30 11:37,197,196,1
2018-04-30 11:38,196,195,1
2018-04-30 11:39,194,193,1
2018-04-30 11:40,193,192,1
2018-04-30 11:41,192,190,2
2018-04-30 11:42,191,189,2
2018-04-30 11:43,190,187,3
2018-04-30 11:44,189,186,3
2018-04-30 11:45,188,184,4
2018-04-30 11:46,186,183,3
2018-04-30 11:47,185,181,4
2018-04-30 11:48,184,180,4
2018-04-30 11:49,183,178,5
2018-04-30 11:50,182,177,5
2018-04-30 11:51,181,176,5
2018-04-30 11:52,180,174,6
2018-04-30 11:53,179,173,6
2018-04-30 11:54,177,171,6
2018-04-30 11:55,176,170,6
2018-04-30 11:56,175,169,6
2018-04-30 11:57,174,167,7
2018-04-30 11:58,173,166,7
2018-04-30 11:59,172,164,8
2018-04-30 12:00,171,163,8
2018-04-30 12:01,170,162,8
2018-04-30 12:02,169,160,9
2018-04-30 12:03,168,159,9
2018-04-30 12:04,167,158,9
2018-04-30 12:05,166,157,9
2018-04-30 12:06,165,155,10
2018-04-30 12:07,164,154,10
2018-04-30 12:08,163,153,10
2018-04-30 12:09,162,151,11
2018-04-30 12:10,161,150,11
2018-04-30 12:11,159,149,10
2018-04-30 12:12,158,148,10
2018-04-30 12:13,157,147,10
2018-04-30 12:14,156,145,11
2018-04-30 12:15,155,144,11
2018-04-30 12:16,154,143,11
2018-04-30 12:17,153,142,11
2018-04-30 12:18,152,141,11
2018-04-30 12:19,151,140,11
2018-04-30 12:20,150,138,12
2018-04-30 12:21,150,137,13
2018-04-30 12:22,149,136,13
2018-04-30 12:23,148,135,13
2018-04-30 12:24,147,134,13
2018-04-30 12:25,146,133,13
2018-04-30 12:26,145,132,13
2018-04-30 12:27,144,131,13
2018-04-30 12:28,143,130,13
2018-04-30 12:29,142,129,13
2018-04-30 12:30,141,128,13
2018-04-30 12:31,140,127,13
2018-04-30 12:32,139,126,13
2018-04-30 12:33,138,125,13
2018-04-30 12:34,137,124,13
2018-04-30 12:35,136,123,13
2018-04-30 12:36,135,122,13
2018-04-30 12:37,134,121,13
2018-04-30 12:38,133,120,13
2018-04-30 12:39,132,120,12
2018-04-30 12:40,131,119,12
2018-04-30 12:41,130,118,12
2018-04-30 12:42,130,117,13
2018-04-30 12:43,128,116,12
2018-04-30 12:44,128,115,13
2018-04-30 12:45,127,115,12
2018-04-30 12:46,126,114,12
2018-04-30 12:47,125,113,12
2018-04-30 12:48,124,112,12
2018-04-30 12:49,123,112,11
2018-04-30 12:50,122,111,11
2018-04-30 12:51,121,110,11
2018-04-30 12:52,120,110,10
2018-04-30 12:53,119,109,10
2018-04-30 12:54,118,108,10
2018-04-30 12:55,118,108,10
2018-04-30 12:56,116,107,9
2018-04-30 12:57,116,107,9
2018-04-30 12:58,115,106,9
2018-04-30 12:59,114,105,9
2018-04-30 13:00,113,105,8
2018-04-30 13:01,112,104,8
2018-04-30 13:02,111,104,7
2018-04-30 13:03,111,103,8
2018-04-30 13:04,110,103,7
2018-04-30 13:05,109,102,7
2018-04-30 13:06,108,102,6
2018-04-30 13:07,107,102,5
2018-04-30 13:08,106,101,5
2018-04-30 13:09,105,101,4
2018-04-30 13:10,104,100,4
2018-04-30 13:11,104,100,4
2018-04-30 13:12,103,100,3
2018-04-30 13:13,102,99,3
2018-04-30 13:14,101,99,2
2018-04-30 13:15,100,99,1
2018-04-30 13:16,99,99,0
2018-04-30 13:17,99,98,1
2018-04-30 13:18,98,98,0
2018-04-30 13:19,97,98,-1
2018-04-30 13:20,96,98,-2
2018-04-30 13:21,95,97,-2
2018-04-30 13:22,95,97,-2
2018-04-30 13:23,94,97,-3
2018-04-30 13:24,94,97,-3
2018-04-30 13:25,93,97,-4
2018-04-30 13:26,92,97,-5
2018-04-30 13:27,92,97,-5
2018-04-30 13:28,91,97,-6
2018-04-30 13:29,90,97,-7
2018-04-30 13:30,89,97,-8
2018-04-30 13:31,89,97,-8
2018-04-30 13:32,88,97,-9
2018-04-30 13:33,87,97,-10
2018-04-30 13:34,87,97,-10
2018-04-30 13:35,86,97,-11
2018-04-30 13:36,86,97,-11
2018-04-30 13:37,85,97,-12
2018-04-30 13:38,84,97,-13
2018-04-30 13:39,84,97,-13
2018-04-30 13:40,84,97,-13
2018-04-30 13:41,83,97,-14
2018-04-30 13:42,82,98,-16
2018-04-30 13:43,82,98,-16
2018-04-30 13:44,82,98,-16
2018-04-30 13:45,81,98,-17
2018-04-30 13:46,81,99,-18
2018-04-30 13:47,80,99,-19
2018-04-30 13:48,80,99,-19
2018-04-30 13:49,81,100,-19
2018-04-30 13:50,80,100,-20
2018-04-30 13:51,80,100,-20
2018-04-30 13:52,81,101,-20
2018-04-30 13:53,81,101,-20
2018-04-30 13:54,81,102,-21
2018-04-30 13:55,82,102,-20
2018-04-30 13:56,82,102,-20
2018-04-30 13:57,83,103,-20
2018-04-30 13:58,85,103,-18
2018-04-30 13:59,86,104,-18
2018-04-30 14:00,87,104,-17
2018-04-30 14:01,89,105,-16
2018-04-30 14:02,91,106,-15
2018-04-30 14:03,93,106,-13
2018-04-30 14:04,95,107,-12
2018-04-30 14:05,97,107,-10
2018-04-30 14:06,100,108,-8
2018-04-30 14:07,102,109,-7
2018-04-30 14:08,105,110,-5
2018-04-30 14:09,107,110,-3
2018-04-30 14:10,110,111,-1
2018-04-30 14:11,112,112,0
2018-04-30 14:12,114,113,1
2018-04-30 14:13,116,113,3
2018-04-30 14:14,119,114,5
2018-04-30 14:15,121,115,6
2018-04-30 14:16,123,116,7
2018-04-30 14:17,125,117,8
2018-04-30 14:18,128,118,10
2018-04-30 14:19,130,119,11
2018-04-30 14:20,132,120,12
2018-04-30 14:21,134,121,13
2018-04-30 14:22,136,122,14
2018-04-30 14:23,138,123,15
2018-04-30 14:24,140,124,16
2018-04-30 14:25,142,125,17
2018-04-30 14:26,144,126,18
2018-04-30 14:27,146,127,19
2018-04-30 14:28,148,128,20
2018-04-30 14:29,149,129,20
2018-04-30 14:30,150,130,20
2018-04-30 14:31,151,132,19
2018-04-30 14:32,153,133,20
2018-04-30 14:33,154,134,20
2018-04-30 14:34,156,135,21
2018-04-30 14:35,157,137,20
2018-04-30 14:36,159,138,21
2018-04-30 14:37,160,139,21
2018-04-30 14:38,162,140,22
2018-04-30 14:39,163,142,21
2018-04-30 14:40,165,143,22
2018-04-30 14:41,166,145,21
2018-04-30 14:42,168,146,22
2018-04-30 14:43,169,148,21
2018-04-30 14:44,170,149,21
2018-04-30 14:45,172,151,21
2018-04-30 14:46,173,152,21
2018-04-30 14:47,174,154,20
2018-04-30 14:48,176,155,21
2018-04-30 14:49,177,157,20
2018-04-30 14:50,178,158,20
2018-04-30 14:51,180,160,20
2018-04-30 14:52,181,162,19
2018-04-30 14:53,183,163,20
2018-04-30 14:54,184,165,19
2018-04-30 14:55,185,167,18
2018-04-30 14:56,186,169,17
2018-04-30 14:57,187,170,17
2018-04-30 14:58,189,172,17
2018-04-30 14:59,190,174,16
2018-04-30 15:00,191,176,15
2018-04-30 15:01,192,178,14
2018-04-30 15:02,194,180,14
2018-04-30 15:03,195,182,13
2018-04-30 15:04,196,183,13
2018-04-30 15:05,197,185,12
2018-04-30 15:06,199,187,12
2018-04-30 15:07,200,189,11
2018-04-30 15:08,202,191,11
2018-04-30 15:09,203,193,10
2018-04-30 15:10,205,196,9
2018-04-30 15:11,206,198,8
2018-04-30 15:12,208,200,8
2018-04-30 15:13,209,202,7
2018-04-30 15:14,211,204,7
2018-04-30 15:15,212,206,6
2018-04-30 15:16,214,208,6
2018-04-30 15:17,215,211,4
2018-04-30 15:18,217,213,4
2018-04-30 15:19,219,215,4
2018-04-30 15:20,221,218,3
2018-04-30 15:21,223,220,3
2018-04-30 15:22,225,222,3
2018-04-30 15:23,226,225,1
2018-04-30 15:24,228,227,1
2018-04-30 15:25,230,229,1
2018-04-30 15:26,233,232,1
2018-04-30 15:27,235,234,1
2018-04-30 15:28,237,237,0
2018-04-30 15:29,240,239,1
2018-04-30 15:30,242,242,0
2018-04-30 15:31,244,244,0
2018-04-30 15:32,246,247,-1
2018-04-30 15:33,249,249,0
2018-04-30 15:34,251,252,-1
2018-04-30 15:35,254,254,0
2018-04-30 15:36,256,257,-1
2018-04-30 15:37,259,260,-1
2018-04-30 15:38,262,262,0
2018-04-30 15:39,265,265,0
2018-04-30 15:40,267,268,-1
2018-04-30 15:41,270,270,0
2018-04-30 15:42,273,273,0
2018-04-30 15:43,276,276,0
2018-04-30 15:44,279,279,0
2018-04-30 15:45,281,281,0
2018-04-30 15:46,284,284,0
2018-04-30 15:47,287,287,0
2018-04-30 15:48,290,290,0
2018-04-30 15:49,293,293,0
2018-04-30 15:50,296,296,0
2018-04-30 15:51,298,299,-1
2018-04-30 15:52,301,301,0
2018-04-30 15:53,304,304,0
2018-04-30 15:54,306,307,-1
2018-04-30 15:55,309,310,-1
2018-04-30 15:56,312,313,-1
2018-04-30 15:57,315,316,-1
2018-04-30 15:58,317,319,-2
2018-04-30 15:59,320,322,-2
2018-04-30 16:00,322,325,-3
2018-04-30 16:01,325,328,-3
2018-04-30 16:02,328,331,-3
2018-04-30 16:03,331,334,-3
2018-04-30 16:04,333,337,-4
2018-04-30 16:05,336,340,-4
2018-04-30 16:06,338,343,-5
2018-04-30 16:07,341,346,-5
2018-04-30 16:08,344,350,-6
2018-04-30 16:09,346,353,-7
2018-04-30 16:10,349,356,-7
2018-04-30 16:11,351,359,-8
2018-04-30 16:12,354,362,-8
2018-04-30 16:13,356,365,-9
2018-04-30 16:14,358,368,-10
2018-04-30 16:15,361,371,-10
2018-04-30 16:16,364,375,-11
2018-04-30 16:17,367,378,-11
2018-04-30 16:18,369,381,-12
2018-04-30 16:19,372,384,-12
2018-04-30 16:20,375,387,-12
2018-04-30 16:21,377,391,-14
2018-04-30 16:22,380,394,-14
2018-04-30 16:23,382,397,-15
2018-04-30 16:24,385,400,-15
2018-04-30 16:25,388,403,-15
2018-04-30 16:26,391,406,-15
2018-04-30 16:27,394,410,-16
2018-04-30 16:28,397,413,-16
2018-04-30 16:29,399,416,-17
2018-04-30 16:30,402,419,-17
2018-04-30 16:31,405,422,-17
2018-04-30 16:32,408,426,-18
2018-04-30 16:33,411,429,-18
2018-04-30 16:34,413,432,-19
2018-04-30 16:35,416,435,-19
2018-04-30 16:36,419,438,-19
2018-04-30 16:37,422,442,-20
2018-04-30 16:38,425,445,-20
2018-04-30 16:39,428,448,-20
2018-04-30 16:40,431,451,-20
2018-04-30 16:41,433,454,-21
2018-04-30 16:42,436,457,-21
2018-04-30 16:43,440,461,-21
2018-04-30 16:44,443,464,-21
2018-04-30 16:45,446,467,-21
2018-04-30 16:46,449,470,-21
2018-04-30 16:47,452,473,-21
2018-04-30 16:48,455,476,-21
2018-04-30 16:49,458,479,-21
2018-04-30 16:50,462,482,-20
2018-04-30 16:51,464,485,-21
2018-04-30 16:52,467,488,-21
2018-04-30 16:53,470,491,-21
2018-04-30 16:54,472,494,-22
2018-04-30 16:55,475,498,-23
2018-04-30 16:56,478,501,-23
2018-04-30 16:57,482,503,-21
2018-04-30 16:58,485,506,-21
2018-04-30 16:59,487,509,-22
2018-04-30 17:00,490,512,-22
2018-04-30 17:01,492,515,-23
2018-04-30 17:02,495,518,-23
2018-04-30 17:03,497,521,-24
2018-04-30 17:04,500,524,-24
2018-04-30 17:05,503,527,-24
2018-04-30 17:06,506,530,-24
2018-04-30 17:07,508,532,-24
2018-04-30 17:08,511,535,-24
2018-04-30 17:09,514,538,-24
2018-04-30 17:10,516,541,-25
2018-04-30 17:11,519,543,-24
2018-04-30 17:12,521,546,-25
2018-04-30 17:13,524,549,-25
2018-04-30 17:14,526,552,-26
2018-04-30 17:15,529,554,-25
2018-04-30 17:16,532,557,-25
2018-04-30 17:17,534,559,-25
2018-04-30 17:18,537,562,-25
2018-04-30 17:19,539,564,-25
2018-04-30 17:20,542,567,-25
2018-04-30 17:21,544,569,-25
2018-04-30 17:22,546,572,-26
2018-04-30 17:23,549,574,-25
2018-04-30 17:24,551,577,-26
2018-04-30 17:25,554,579,-25
2018-04-30 17:26,556,581,-25
2018-04-30 17:27,558,584,-26
2018-04-30 17:28,561,586,-25
2018-04-30 17:29,563,588,-25
2018-04-30 17:30,565,590,-25
2018-04-30 17:31,567,593,-26
2018-04-30 17:32,570,595,-25
2018-04-30 17:33,572,597,-25
2018-04-30 17:34,574,599,-25
2018-04-30 17:35,576,601,-25
2018-04-30 17:36,578,603,-25
2018-04-30 17:37,580,605,-25
2018-04-30 17:38,583,607,-24
2018-04-30 17:39,585,609,-24
2018-04-30 17:40,588,611,-23
2018-04-30 17:41,590,613,-23
2018-04-30 17:42,592,615,-23
2018-04-30 17:43,595,616,-21
2018-04-30 17:44,597,618,-21
2018-04-30 17:45,599,620,-21
2018-04-30 17:46,601,622,-21
2018-04-30 17:47,604,623,-19
2018-04-30 17:48,606,625,-19
2018-04-30 17:49,608,626,-18
2018-04-30 17:50,609,628,-19
2018-04-30 17:51,611,629,-18
2018-04-30 17:52,613,631,-18
2018-04-30 17:53,615,632,-17
2018-04-30 17:54,617,634,-17
2018-04-30 17:55,618,635,-17
2018-04-30 17:56,620,636,-16
2018-04-30 17:57,621,638,-17
2018-04-30 17:58,622,639,-17
2018-04-30 17:59,624,640,-16
2018-04-30 18:00,625,641,-16
2018-04-30 18:01,626,642,-16
2018-04-30 18:02,627,643,-16
2018-04-30 18:03,629,644,-15
2018-04-30 18:04,630,645,-15
2018-04-30 18:05,631,646,-15
2018-04-30 18:06,633,647,-14
2018-04-30 18:07,634,648,-14
2018-04-30 18:08,636,649,-13
2018-04-30 18:09,637,650,-13
2018-04-30 18:10,638,650,-12
2018-04-30 18:11,639,651,-12
2018-04-30 18:12,640,652,-12
2018-04-30 18:13,642,653,-11
2018-04-30 18:14,643,653,-10
2018-04-30 18:15,644,654,-10
2018-04-30 18:16,645,654,-9
2018-04-30 18:17,646,655,-9
2018-04-30 18:18,647,655,-8
2018-04-30 18:19,648,655,-7
2018-04-30 18:20,649,656,-7
2018-04-30 18:21,650,656,-6
2018-04-30 18:22,651,656,-5
2018-04-30 18:23,652,657,-5
2018-04-30 18:24,652,657,-5
2018-04-30 18:25,653,657,-4
2018-04-30 18:26,653,657,-4
2018-04-30 18:27,654,657,-3
2018-04-30 18:28,654,657,-3
2018-04-30 18:29,654,657,-3
2018-04-30 18:30,655,657,-2
2018-04-30 18:31,655,657,-2
2018-04-30 18:32,656,657,-1
2018-04-30 18:33,656,657,-1
2018-04-30 18:34,656,657,-1
2018-04-30 18:35,656,656,0
2018-04-30 18:36,656,656,0
2018-04-30 18:37,656,656,0
2018-04-30 18:38,656,656,0
2018-04-30 18:39,655,655,0
2018-04-30 18:40,655,655,0
2018-04-30 18:41,655,654,1
2018-04-30 18:42,655,654,1
2018-04-30 18:43,654,653,1
2018-04-30 18:44,654,653,1
2018-04-30 18:45,653,652,1
2018-04-30 18:46,652,652,0
2018-04-30 18:47,652,651,1
2018-04-30 18:48,651,650,1
2018-04-30 18:49,650,650,0
2018-04-30 18:50,650,649,1
2018-04-30 18:51,649,648,1
2018-04-30 18:52,648,647,1
2018-04-30 18:53,647,646,1
2018-04-30 18:54,646,645,1
2018-04-30 18:55,645,644,1
2018-04-30 18:56,644,644,0
2018-04-30 18:57,643,643,0
2018-04-30 18:58,642,642,0
2018-04-30 18:59,641,640,1
2018-04-30 19:00,640,639,1
2018-04-30 19:01,639,638,1
2018-04-30 19:02,638,637,1
2018-04-30 19:03,637,636,1
2018-04-30 19:04,635,635,0
2018-04-30 19:05,634,634,0
2018-04-30 19:06,633,632,1
2018-04-30 19:07,631,631,0
2018-04-30 19:08,630,630,0
2018-04-30 19:09,628,628,0
2018-04-30 19:10,627,627,0
2018-04-30 19:11,625,626,-1
2018-04-30 19:12,624,624,0
2018-04-30 19:13,622,623,-1
2018-04-30 19:14,621,622,-1
2018-04-30 19:15,619,620,-1
2018-04-30 19:16,618,619,-1
2018-04-30 19:17,616,617,-1
2018-04-30 19:18,615,615,0
2018-04-30 19:19,613,614,-1
2018-04-30 19:20,611,612,-1
2018-04-30 19:21,609,611,-2
2018-04-30 19:22,608,609,-1
2018-04-30 19:23,605,608,-3
2018-04-30 19:24,604,606,-2
2018-04-30 19:25,602,604,-2
2018-04-30 19:26,600,603,-3
2018-04-30 19:27,598,601,-3
2018-04-30 19:28,596,599,-3
2018-04-30 19:29,595,597,-2
2018-04-30 19:30,592,596,-4
2018-04-30 19:31,591,594,-3
2018-04-30 19:32,589,592,-3
2018-04-30 19:33,587,590,-3
2018-04-30 19:34,586,588,-2
2018-04-30 19:35,584,587,-3
2018-04-30 19:36,583,585,-2
2018-04-30 19:37,581,583,-2
2018-04-30 19:38,580,581,-1
2018-04-30 19:39,578,579,-1
2018-04-30 19:40,577,577,0
2018-04-30 19:41,575,575,0
2018-04-30 19:42,573,573,0
2018-04-30 19:43,571,571,0
2018-04-30 19:44,569,570,-1
2018-04-30 19:45,567,568,-1
2018-04-30 19:46,566,566,0
2018-04-30 19:47,564,564,0
2018-04-30 19:48,562,562,0
2018-04-30 19:49,561,560,1
2018-04-30 19:50,559,558,1
2018-04-30 19:51,558,556,2
2018-04-30 19:52,556,554,2
2018-04-30 19:53,554,552,2
2018-04-30 19:54,552,550,2
2018-04-30 19:55,550,548,2
2018-04-30 19:56,548,546,2
2018-04-30 19:57,546,544,2
2018-04-30 19:58,544,542,2
2018-04-30 19:59,542,540,2
2018-04-30 20:00,541,538,3
2018-04-30 20:01,539,536,3
2018-04-30 20:02,537,534,3
2018-04-30 20:03,535,532,3
2018-04-30 20:04,533,530,3
2018-04-30 20:05,531,528,3
2018-04-30 20:06,529,526,3
2018-04-30 20:07,527,524,3
2018-04-30 20:08,525,522,3
2018-04-30 20:09,523,520,3
2018-04-30 20:10,521,518,3
2018-04-30 20:11,519,516,3
2018-04-30 20:12,517,514,3
2018-04-30 20:13,515,512,3
2018-04-30 20:14,513,510,3
2018-04-30 20:15,512,508,4
2018-04-30 20:16,510,506,4
2018-04-30 20:17,508,504,4
2018-04-30 20:18,506,502,4
2018-04-30 20:19,504,500,4
2018-04-30 20:20,502,498,4
2018-04-30 20:21,500,496,4
2018-04-30 20:22,498,494,4
2018-04-30 20:23,496,492,4
2018-04-30 20:24,494,490,4
2018-04-30 20:25,492,488,4
2018-04-30 20:26,491,486,5
2018-04-30 20:27,488,484,4
2018-04-30 20:28,487,482,5
2018-04-30 20:29,485,480,5
2018-04-30 20:30,483,478,5
2018-04-30 20:31,481,476,5
2018-04-30 20:32,479,474,5
2018-04-30 20:33,476,472,4
2018-04-30 20:34,475,470,5
2018-04-30 20:35,473,469,4
2018-04-30 20:36,471,467,4
2018-04-30 20:37,468,465,3
2018-04-30 20:38,467,463,4
2018-04-30 20:39,465,461,4
2018-04-30 20:40,463,459,4
2018-04-30 20:41,461,457,4
2018-04-30 20:42,459,456,3
2018-04-30 20:43,457,454,3
2018-04-30 20:44,455,452,3
2018-04-30 20:45,453,450,3
2018-04-30 20:46,452,448,4
2018-04-30 20:47,450,447,3
2018-04-30 20:48,448,445,3
2018-04-30 20:49,446,443,3
2018-04-30 20:50,444,441,3
2018-04-30 20:51,442,440,2
2018-04-30 20:52,440,438,2
2018-04-30 20:53,438,436,2
2018-04-30 20:54,437,434,3
2018-04-30 20:55,434,433,1
2018-04-30 20:56,433,431,2
2018-04-30 20:57,431,429,2
2018-04-30 20:58,429,428,1
2018-04-30 20:59,428,426,2
2018-04-30 21:00,426,424,2
2018-04-30 21:01,424,423,1
2018-04-30 21:02,422,421,1
2018-04-30 21:03,420,419,1
2018-04-30 21:04,418,418,0
2018-04-30 21:05,416,416,0
2018-04-30 21:06,415,415,0
2018-04-30 21:07,413,413,0
2018-04-30 21:08,411,412,-1
2018-04-30 21:09,410,410,0
2018-04-30 21:10,408,408,0
2018-04-30 21:11,406,407,-1
2018-04-30 21:12,404,405,-1
2018-04-30 21:13,402,404,-2
2018-04-30 21:14,400,402,-2
2018-04-30 21:15,398,401,-3
2018-04-30 21:16,397,399,-2
2018-04-30 21:17,395,398,-3
2018-04-30 21:18,393,396,-3
2018-04-30 21:19,392,395,-3
2018-04-30 21:20,389,393,-4
2018-04-30 21:21,388,392,-4
2018-04-30 21:22,386,390,-4
2018-04-30 21:23,384,389,-5
2018-04-30 21:24,382,387,-5
2018-04-30 21:25,381,386,-5
2018-04-30 21:26,379,385,-6
2018-04-30 21:27,377,383,-6
2018-04-30 21:28,375,382,-7
2018-04-30 21:29,374,380,-6
2018-04-30 21:30,373,379,-6
2018-04-30 21:31,371,378,-7
2018-04-30 21:32,369,376,-7
2018-04-30 21:33,367,375,-8
2018-04-30 21:34,365,373,-8
2018-04-30 21:35,364,372,-8
2018-04-30 21:36,363,371,-8
2018-04-30 21:37,361,369,-8
2018-04-30 21:38,359,368,-9
2018-04-30 21:39,357,367,-10
2018-04-30 21:40,356,365,-9
2018-04-30 21:41,354,364,-10
2018-04-30 21:42,353,363,-10
2018-04-30 21:43,351,361,-10
2018-04-30 21:44,350,360,-10
2018-04-30 21:45,348,359,-11
2018-04-30 21:46,346,357,-11
2018-04-30 21:47,344,356,-12
2018-04-30 21:48,343,355,-12
2018-04-30 21:49,341,353,-12
2018-04-30 21:50,340,352,-12
2018-04-30 21:51,338,351,-13
2018-04-30 21:52,336,350,-14
2018-04-30 21:53,335,348,-13
2018-04-30 21:54,333,347,-14
2018-04-30 21:55,331,346,-15
2018-04-30 21:56,330,344,-14
2018-04-30 21:57,328,343,-15
2018-04-30 21:58,326,342,-16
2018-04-30 21:59,325,341,-16
2018-04-30 22:00,323,339,-16
2018-04-30 22:01,321,338,-17
2018-04-30 22:02,320,337,-17
2018-04-30 22:03,319,336,-17
2018-04-30 22:04,317,334,-17
2018-04-30 22:05,315,333,-18
2018-04-30 22:06,314,332,-18
2018-04-30 22:07,312,330,-18
2018-04-30 22:08,310,329,-19
2018-04-30 22:09,309,328,-19
2018-04-30 22:10,307,327,-20
2018-04-30 22:11,306,325,-19
2018-04-30 22:12,304,324,-20
2018-04-30 22:13,303,323,-20
2018-04-30 22:14,301,322,-21
2018-04-30 22:15,300,320,-20
2018-04-30 22:16,298,319,-21
2018-04-30 22:17,297,318,-21
2018-04-30 22:18,296,316,-20
2018-04-30 22:19,294,315,-21
2018-04-30 22:20,293,314,-21
2018-04-30 22:21,291,313,-22
2018-04-30 22:22,290,311,-21
2018-04-30 22:23,288,310,-22
2018-04-30 22:24,286,309,-23
2018-04-30 22:25,285,307,-22
2018-04-30 22:26,284,306,-22
2018-04-30 22:27,283,305,-22
2018-04-30 22:28,281,304,-23
2018-04-30 22:29,280,302,-22
2018-04-30 22:30,279,301,-22
2018-04-30 22:31,277,300,-23
2018-04-30 22:32,276,298,-22
2018-04-30 22:33,274,297,-23
2018-04-30 22:34,273,296,-23
2018-04-30 22:35,272,294,-22
2018-04-30 22:36,270,293,-23
2018-04-30 22:37,269,292,-23
2018-04-30 22:38,267,290,-23
2018-04-30 22:39,266,289,-23
2018-04-30 22:40,265,288,-23
2018-04-30 22:41,263,286,-23
2018-04-30 22:42,262,285,-23
2018-04-30 22:43,-,284,-
2018-04-30 22:44,261,282,-21
2018-04-30 22:45,260,281,-21
2018-04-30 22:46,258,280,-22
2018-04-30 22:47,257,278,-21
2018-04-30 22:48,254,277,-23
2018-04-30 22:49,-,276,-
2018-04-30 22:50,251,274,-23
2018-04-30 22:51,250,273,-23
2018-04-30 22:52,248,272,-24
2018-04-30 22:53,247,270,-23
2018-04-30 22:54,246,269,-23
2018-04-30 22:55,245,267,-22
2018-04-30 22:56,244,266,-22
2018-04-30 22:57,242,265,-23
2018-04-30 22:58,241,263,-22
2018-04-30 22:59,240,262,-22
2018-04-30 23:00,239,260,-21
2018-04-30 23:01,239,259,-20
2018-04-30 23:02,236,258,-22
2018-04-30 23:03,235,256,-21
2018-04-30 23:04,233,255,-22
2018-04-30 23:05,232,253,-21
2018-04-30 23:06,231,252,-21
2018-04-30 23:07,230,251,-21
2018-04-30 23:08,228,249,-21
2018-04-30 23:09,227,248,-21
2018-04-30 23:10,227,246,-19
2018-04-30 23:11,225,245,-20
2018-04-30 23:12,224,243,-19
2018-04-30 23:13,223,242,-19
2018-04-30 23:14,221,241,-20
2018-04-30 23:15,220,239,-19
2018-04-30 23:16,219,238,-19
2018-04-30 23:17,217,236,-19
2018-04-30 23:18,216,235,-19
2018-04-30 23:19,215,233,-18
2018-04-30 23:20,213,232,-19
2018-04-30 23:21,212,230,-18
2018-04-30 23:22,211,229,-18
2018-04-30 23:23,210,227,-17
2018-04-30 23:24,209,226,-17
2018-04-30 23:25,208,225,-17
2018-04-30 23:26,206,223,-17
2018-04-30 23:27,205,222,-17
2018-04-30 23:28,204,220,-16
2018-04-30 23:29,203,219,-16
2018-04-30 23:30,202,217,-15
2018-04-30 23:31,201,216,-15
2018-04-30 23:32,200,214,-14
2018-04-30 23:33,198,213,-15
2018-04-30 23:34,197,211,-14
2018-04-30 23:35,196,210,-14
2018-04-30 23:36,195,209,-14
2018-04-30 23:37,194,207,-13
2018-04-30 23:38,193,206,-13
2018-04-30 23:39,191,204,-13
2018-04-30 23:40,190,203,-13
2018-04-30 23:41,189,201,-12
2018-04-30 23:42,188,200,-12
2018-04-30 23:43,187,198,-11
2018-04-30 23:44,186,197,-11
2018-04-30 23:45,185,196,-11
2018-04-30 23:46,184,194,-10
2018-04-30 23:47,183,193,-10
2018-04-30 23:48,181,191,-10
2018-04-30 23:49,180,190,-10
2018-04-30 23:50,179,188,-9
2018-04-30 23:51,179,187,-8
2018-04-30 23:52,177,186,-9
2018-04-30 23:53,176,184,-8
2018-04-30 23:54,175,183,-8
2018-04-30 23:55,173,181,-8
2018-04-30 23:56,172,180,-8
2018-04-30 23:57,171,179,-8
2018-04-30 23:58,170,177,-7
2018-04-30 23:59,169,176,-7
2018-05-01 0:00,-,174,-
