관측시간,실측조위(Cm),예측조위(Cm),잔차(Cm)
2019-04-29 0:00,343,341,2
2019-04-29 0:01,344,341,3
2019-04-29 0:02,344,342,2
2019-04-29 0:03,346,343,3
2019-04-29 0:04,346,343,3
2019-04-29 0:05,347,344,3
2019-04-29 0:06,348,345,3
2019-04-29 0:07,348,345,3
2019-04-29 0:08,349,346,3
2019-04-29 0:09,350,346,4
2019-04-29 0:10,351,347,4
2019-04-29 0:11,352,348,4
2019-04-29 0:12,353,348,5
2019-04-29 0:13,354,349,5
2019-04-29 0:14,354,350,4
2019-04-29 0:15,355,350,5
2019-04-29 0:16,356,351,5
2019-04-29 0:17,357,351,6
2019-04-29 0:18,358,352,6
2019-04-29 0:19,358,353,5
2019-04-29 0:20,359,353,6
2019-04-29 0:21,360,354,6
2019-04-29 0:22,361,354,7
2019-04-29 0:23,362,355,7
2019-04-29 0:24,362,356,6
2019-04-29 0:25,363,356,7
2019-04-29 0:26,364,357,7
2019-04-29 0:27,365,357,8
2019-04-29 0:28,365,358,7
2019-04-29 0:29,366,358,8
2019-04-29 0:30,367,359,8
2019-04-29 0:31,368,359,9
2019-04-29 0:32,369,360,9
2019-04-29 0:33,369,361,8
2019-04-29 0:34,370,361,9
2019-04-29 0:35,370,362,8
2019-04-29 0:36,371,362,9
2019-04-29 0:37,372,363,9
2019-04-29 0:38,372,363,9
2019-04-29 0:39,373,364,9
2019-04-29 0:40,373,364,9
2019-04-29 0:41,374,365,9
2019-04-29 0:42,375,365,10
2019-04-29 0:43,375,366,9
2019-04-29 0:44,375,366,9
2019-04-29 0:45,376,366,10
2019-04-29 0:46,376,367,9
2019-04-29 0:47,377,367,10
2019-04-29 0:48,377,368,9
2019-04-29 0:49,378,368,10
2019-04-29 0:50,378,369,9
2019-04-29 0:51,378,369,9
2019-04-29 0:52,379,370,9
2019-04-29 0:53,379,370,9
2019-04-29 0:54,379,370,9
2019-04-29 0:55,380,371,9
2019-04-29 0:56,380,371,9
2019-04-29 0:57,381,372,9
2019-04-29 0:58,380,372,8
2019-04-29 0:59,380,372,8
2019-04-29 1:00,381,373,8
2019-04-29 1:01,381,373,8
2019-04-29 1:02,382,373,9
2019-04-29 1:03,382,374,8
2019-04-29 1:04,382,374,8
2019-04-29 1:05,382,374,8
2019-04-29 1:06,383,375,8
2019-04-29 1:07,384,375,9
2019-04-29 1:08,384,375,9
2019-04-29 1:09,384,376,8
2019-04-29 1:10,384,376,8
2019-04-29 1:11,385,376,9
2019-04-29 1:12,386,377,9
2019-04-29 1:13,386,377,9
2019-04-29 1:14,386,377,9
2019-04-29 1:15,387,377,10
2019-04-29 1:16,387,378,9
2019-04-29 1:17,388,378,10
2019-04-29 1:18,389,378,11
2019-04-29 1:19,389,378,11
2019-04-29 1:20,390,379,11
2019-04-29 1:21,390,379,11
2019-04-29 1:22,390,379,11
2019-04-29 1:23,391,379,12
2019-04-29 1:24,392,379,13
2019-04-29 1:25,392,380,12
2019-04-29 1:26,392,380,12
2019-04-29 1:27,392,380,12
2019-04-29 1:28,393,380,13
2019-04-29 1:29,393,380,13
2019-04-29 1:30,393,380,13
2019-04-29 1:31,394,380,14
2019-04-29 1:32,394,381,13
2019-04-29 1:33,394,381,13
2019-04-29 1:34,395,381,14
2019-04-29 1:35,395,381,14
2019-04-29 1:36,395,381,14
2019-04-29 1:37,395,381,14
2019-04-29 1:38,395,381,14
2019-04-29 1:39,395,381,14
2019-04-29 1:40,395,381,14
2019-04-29 1:41,395,381,14
2019-04-29 1:42,395,381,14
2019-04-29 1:43,395,381,14
2019-04-29 1:44,395,381,14
2019-04-29 1:45,395,381,14
2019-04-29 1:46,395,381,14
2019-04-29 1:47,395,381,14
2019-04-29 1:48,395,381,14
2019-04-29 1:49,395,381,14
2019-04-29 1:50,395,381,14
2019-04-29 1:51,394,381,13
2019-04-29 1:52,394,381,13
2019-04-29 1:53,394,381,13
2019-04-29 1:54,394,381,13
2019-04-29 1:55,394,381,13
2019-04-29 1:56,394,381,13
2019-04-29 1:57,394,381,13
2019-04-29 1:58,394,381,13
2019-04-29 1:59,394,380,14
2019-04-29 2:00,394,380,14
2019-04-29 2:01,394,380,14
2019-04-29 2:02,394,380,14
2019-04-29 2:03,393,380,13
2019-04-29 2:04,393,380,13
2019-04-29 2:05,393,380,13
2019-04-29 2:06,393,379,14
2019-04-29 2:07,393,379,14
2019-04-29 2:08,393,379,14
2019-04-29 2:09,393,379,14
2019-04-29 2:10,393,378,15
2019-04-29 2:11,393,378,15
2019-04-29 2:12,392,378,14
2019-04-29 2:13,392,378,14
2019-04-29 2:14,392,377,15
2019-04-29 2:15,392,377,15
2019-04-29 2:16,392,377,15
2019-04-29 2:17,392,376,16
2019-04-29 2:18,391,376,15
2019-04-29 2:19,391,376,15
2019-04-29 2:20,390,376,14
2019-04-29 2:21,390,375,15
2019-04-29 2:22,389,375,14
2019-04-29 2:23,389,374,15
2019-04-29 2:24,388,374,14
2019-04-29 2:25,388,374,14
2019-04-29 2:26,387,373,14
2019-04-29 2:27,386,373,13
2019-04-29 2:28,386,372,14
2019-04-29 2:29,385,372,13
2019-04-29 2:30,384,372,12
2019-04-29 2:31,383,371,12
2019-04-29 2:32,382,371,11
2019-04-29 2:33,381,370,11
2019-04-29 2:34,381,370,11
2019-04-29 2:35,379,369,10
2019-04-29 2:36,379,369,10
2019-04-29 2:37,377,368,9
2019-04-29 2:38,376,368,8
2019-04-29 2:39,375,367,8
2019-04-29 2:40,375,367,8
2019-04-29 2:41,374,366,8
2019-04-29 2:42,373,365,8
2019-04-29 2:43,372,365,7
2019-04-29 2:44,371,364,7
2019-04-29 2:45,370,364,6
2019-04-29 2:46,370,363,7
2019-04-29 2:47,369,363,6
2019-04-29 2:48,368,362,6
2019-04-29 2:49,367,361,6
2019-04-29 2:50,367,361,6
2019-04-29 2:51,366,360,6
2019-04-29 2:52,365,359,6
2019-04-29 2:53,365,359,6
2019-04-29 2:54,364,358,6
2019-04-29 2:55,364,357,7
2019-04-29 2:56,363,357,6
2019-04-29 2:57,363,356,7
2019-04-29 2:58,362,355,7
2019-04-29 2:59,362,354,8
2019-04-29 3:00,361,354,7
2019-04-29 3:01,360,353,7
2019-04-29 3:02,360,352,8
2019-04-29 3:03,359,351,8
2019-04-29 3:04,358,351,7
2019-04-29 3:05,358,350,8
2019-04-29 3:06,357,349,8
2019-04-29 3:07,357,348,9
2019-04-29 3:08,356,348,8
2019-04-29 3:09,355,347,8
2019-04-29 3:10,354,346,8
2019-04-29 3:11,354,345,9
2019-04-29 3:12,353,344,9
2019-04-29 3:13,352,343,9
2019-04-29 3:14,351,343,8
2019-04-29 3:15,351,342,9
2019-04-29 3:16,350,341,9
2019-04-29 3:17,349,340,9
2019-04-29 3:18,348,339,9
2019-04-29 3:19,347,338,9
2019-04-29 3:20,346,337,9
2019-04-29 3:21,346,336,10
2019-04-29 3:22,344,335,9
2019-04-29 3:23,344,334,10
2019-04-29 3:24,343,334,9
2019-04-29 3:25,342,333,9
2019-04-29 3:26,341,332,9
2019-04-29 3:27,340,331,9
2019-04-29 3:28,339,330,9
2019-04-29 3:29,338,329,9
2019-04-29 3:30,337,328,9
2019-04-29 3:31,336,327,9
2019-04-29 3:32,335,326,9
2019-04-29 3:33,334,325,9
2019-04-29 3:34,333,324,9
2019-04-29 3:35,332,323,9
2019-04-29 3:36,331,322,9
2019-04-29 3:37,330,321,9
2019-04-29 3:38,329,320,9
2019-04-29 3:39,328,319,9
2019-04-29 3:40,327,318,9
2019-04-29 3:41,326,317,9
2019-04-29 3:42,325,316,9
2019-04-29 3:43,324,315,9
2019-04-29 3:44,323,314,9
2019-04-29 3:45,322,313,9
2019-04-29 3:46,322,311,11
2019-04-29 3:47,321,310,11
2019-04-29 3:48,320,309,11
2019-04-29 3:49,319,308,11
2019-04-29 3:50,318,307,11
2019-04-29 3:51,317,306,11
2019-04-29 3:52,316,305,11
2019-04-29 3:53,316,304,12
2019-04-29 3:54,315,303,12
2019-04-29 3:55,314,302,12
2019-04-29 3:56,313,301,12
2019-04-29 3:57,311,299,12
2019-04-29 3:58,311,298,13
2019-04-29 3:59,309,297,12
2019-04-29 4:00,308,296,12
2019-04-29 4:01,307,295,12
2019-04-29 4:02,306,294,12
2019-04-29 4:03,305,293,12
2019-04-29 4:04,304,292,12
2019-04-29 4:05,303,291,12
2019-04-29 4:06,302,289,13
2019-04-29 4:07,301,288,13
2019-04-29 4:08,300,287,13
2019-04-29 4:09,299,286,13
2019-04-29 4:10,298,285,13
2019-04-29 4:11,297,284,13
2019-04-29 4:12,296,283,13
2019-04-29 4:13,295,281,14
2019-04-29 4:14,294,280,14
2019-04-29 4:15,293,279,14
2019-04-29 4:16,292,278,14
2019-04-29 4:17,290,277,13
2019-04-29 4:18,289,276,13
2019-04-29 4:19,288,275,13
2019-04-29 4:20,287,273,14
2019-04-29 4:21,286,272,14
2019-04-29 4:22,285,271,14
2019-04-29 4:23,284,270,14
2019-04-29 4:24,283,269,14
2019-04-29 4:25,282,268,14
2019-04-29 4:26,281,267,14
2019-04-29 4:27,280,265,15
2019-04-29 4:28,279,264,15
2019-04-29 4:29,279,263,16
2019-04-29 4:30,277,262,15
2019-04-29 4:31,275,261,14
2019-04-29 4:32,274,260,14
2019-04-29 4:33,272,259,13
2019-04-29 4:34,271,257,14
2019-04-29 4:35,271,256,15
2019-04-29 4:36,269,255,14
2019-04-29 4:37,268,254,14
2019-04-29 4:38,267,253,14
2019-04-29 4:39,266,252,14
2019-04-29 4:40,265,251,14
2019-04-29 4:41,264,250,14
2019-04-29 4:42,263,248,15
2019-04-29 4:43,262,247,15
2019-04-29 4:44,262,246,16
2019-04-29 4:45,261,245,16
2019-04-29 4:46,260,244,16
2019-04-29 4:47,259,243,16
2019-04-29 4:48,258,242,16
2019-04-29 4:49,257,241,16
2019-04-29 4:50,256,240,16
2019-04-29 4:51,255,239,16
2019-04-29 4:52,254,237,17
2019-04-29 4:53,253,236,17
2019-04-29 4:54,252,235,17
2019-04-29 4:55,251,234,17
2019-04-29 4:56,250,233,17
2019-04-29 4:57,249,232,17
2019-04-29 4:58,248,231,17
2019-04-29 4:59,247,230,17
2019-04-29 5:00,246,229,17
2019-04-29 5:01,245,228,17
2019-04-29 5:02,244,227,17
2019-04-29 5:03,244,226,18
2019-04-29 5:04,243,225,18
2019-04-29 5:05,242,224,18
2019-04-29 5:06,241,223,18
2019-04-29 5:07,240,222,18
2019-04-29 5:08,239,221,18
2019-04-29 5:09,238,220,18
2019-04-29 5:10,237,219,18
2019-04-29 5:11,236,218,18
2019-04-29 5:12,235,217,18
2019-04-29 5:13,234,216,18
2019-04-29 5:14,233,215,18
2019-04-29 5:15,232,214,18
2019-04-29 5:16,231,213,18
2019-04-29 5:17,230,212,18
2019-04-29 5:18,229,211,18
2019-04-29 5:19,228,210,18
2019-04-29 5:20,227,209,18
2019-04-29 5:21,226,208,18
2019-04-29 5:22,225,207,18
2019-04-29 5:23,225,206,19
2019-04-29 5:24,224,205,19
2019-04-29 5:25,223,204,19
2019-04-29 5:26,222,203,19
2019-04-29 5:27,221,202,19
2019-04-29 5:28,221,201,20
2019-04-29 5:29,219,200,19
2019-04-29 5:30,219,200,19
2019-04-29 5:31,218,199,19
2019-04-29 5:32,217,198,19
2019-04-29 5:33,216,197,19
2019-04-29 5:34,215,196,19
2019-04-29 5:35,214,195,19
2019-04-29 5:36,213,194,19
2019-04-29 5:37,212,194,18
2019-04-29 5:38,211,193,18
2019-04-29 5:39,210,192,18
2019-04-29 5:40,209,191,18
2019-04-29 5:41,208,190,18
2019-04-29 5:42,208,189,19
2019-04-29 5:43,207,189,18
2019-04-29 5:44,206,188,18
2019-04-29 5:45,205,187,18
2019-04-29 5:46,204,186,18
2019-04-29 5:47,204,185,19
2019-04-29 5:48,203,185,18
2019-04-29 5:49,202,184,18
2019-04-29 5:50,201,183,18
2019-04-29 5:51,201,182,19
2019-04-29 5:52,200,182,18
2019-04-29 5:53,199,181,18
2019-04-29 5:54,198,180,18
2019-04-29 5:55,197,180,17
2019-04-29 5:56,196,179,17
2019-04-29 5:57,195,178,17
2019-04-29 5:58,195,177,18
2019-04-29 5:59,194,177,17
2019-04-29 6:00,193,176,17
2019-04-29 6:01,192,175,17
2019-04-29 6:02,191,175,16
2019-04-29 6:03,190,174,16
2019-04-29 6:04,190,173,17
2019-04-29 6:05,189,173,16
2019-04-29 6:06,188,172,16
2019-04-29 6:07,187,171,16
2019-04-29 6:08,186,171,15
2019-04-29 6:09,185,170,15
2019-04-29 6:10,185,170,15
2019-04-29 6:11,184,169,15
2019-04-29 6:12,183,168,15
2019-04-29 6:13,182,168,14
2019-04-29 6:14,182,167,15
2019-04-29 6:15,181,167,14
2019-04-29 6:16,180,166,14
2019-04-29 6:17,179,166,13
2019-04-29 6:18,178,165,13
2019-04-29 6:19,177,165,12
2019-04-29 6:20,176,164,12
2019-04-29 6:21,175,163,12
2019-04-29 6:22,175,163,12
2019-04-29 6:23,174,162,12
2019-04-29 6:24,173,162,11
2019-04-29 6:25,172,161,11
2019-04-29 6:26,172,161,11
2019-04-29 6:27,171,160,11
2019-04-29 6:28,170,160,10
2019-04-29 6:29,170,160,10
2019-04-29 6:30,169,159,10
2019-04-29 6:31,168,159,9
2019-04-29 6:32,167,158,9
2019-04-29 6:33,167,158,9
2019-04-29 6:34,166,157,9
2019-04-29 6:35,165,157,8
2019-04-29 6:36,165,156,9
2019-04-29 6:37,164,156,8
2019-04-29 6:38,163,156,7
2019-04-29 6:39,162,155,7
2019-04-29 6:40,161,155,6
2019-04-29 6:41,161,154,7
2019-04-29 6:42,160,154,6
2019-04-29 6:43,159,154,5
2019-04-29 6:44,158,153,5
2019-04-29 6:45,158,153,5
2019-04-29 6:46,157,153,4
2019-04-29 6:47,156,152,4
2019-04-29 6:48,155,152,3
2019-04-29 6:49,155,152,3
2019-04-29 6:50,154,151,3
2019-04-29 6:51,153,151,2
2019-04-29 6:52,153,151,2
2019-04-29 6:53,152,151,1
2019-04-29 6:54,151,150,1
2019-04-29 6:55,151,150,1
2019-04-29 6:56,150,150,0
2019-04-29 6:57,150,149,1
2019-04-29 6:58,149,149,0
2019-04-29 6:59,148,149,-1
2019-04-29 7:00,148,149,-1
2019-04-29 7:01,147,148,-1
2019-04-29 7:02,147,148,-1
2019-04-29 7:03,146,148,-2
2019-04-29 7:04,146,148,-2
2019-04-29 7:05,145,148,-3
2019-04-29 7:06,144,147,-3
2019-04-29 7:07,143,147,-4
2019-04-29 7:08,143,147,-4
2019-04-29 7:09,142,147,-5
2019-04-29 7:10,141,147,-6
2019-04-29 7:11,141,147,-6
2019-04-29 7:12,140,146,-6
2019-04-29 7:13,139,146,-7
2019-04-29 7:14,139,146,-7
2019-04-29 7:15,138,146,-8
2019-04-29 7:16,138,146,-8
2019-04-29 7:17,137,146,-9
2019-04-29 7:18,137,146,-9
2019-04-29 7:19,136,145,-9
2019-04-29 7:20,135,145,-10
2019-04-29 7:21,135,145,-10
2019-04-29 7:22,134,145,-11
2019-04-29 7:23,134,145,-11
2019-04-29 7:24,134,145,-11
2019-04-29 7:25,133,145,-12
2019-04-29 7:26,132,145,-13
2019-04-29 7:27,132,145,-13
2019-04-29 7:28,132,145,-13
2019-04-29 7:29,131,145,-14
2019-04-29 7:30,131,145,-14
2019-04-29 7:31,130,145,-15
2019-04-29 7:32,130,145,-15
2019-04-29 7:33,129,145,-16
2019-04-29 7:34,129,145,-16
2019-04-29 7:35,128,145,-17
2019-04-29 7:36,128,145,-17
2019-04-29 7:37,128,145,-17
2019-04-29 7:38,127,145,-18
2019-04-29 7:39,127,145,-18
2019-04-29 7:40,126,145,-19
2019-04-29 7:41,126,145,-19
2019-04-29 7:42,125,145,-20
2019-04-29 7:43,125,145,-20
2019-04-29 7:44,125,145,-20
2019-04-29 7:45,124,145,-21
2019-04-29 7:46,123,145,-22
2019-04-29 7:47,123,145,-22
2019-04-29 7:48,123,146,-23
2019-04-29 7:49,123,146,-23
2019-04-29 7:50,122,146,-24
2019-04-29 7:51,122,146,-24
2019-04-29 7:52,121,146,-25
2019-04-29 7:53,121,146,-25
2019-04-29 7:54,121,146,-25
2019-04-29 7:55,121,146,-25
2019-04-29 7:56,121,147,-26
2019-04-29 7:57,120,147,-27
2019-04-29 7:58,120,147,-27
2019-04-29 7:59,120,147,-27
2019-04-29 8:00,120,147,-27
2019-04-29 8:01,120,147,-27
2019-04-29 8:02,120,148,-28
2019-04-29 8:03,120,148,-28
2019-04-29 8:04,120,148,-28
2019-04-29 8:05,121,148,-27
2019-04-29 8:06,121,149,-28
2019-04-29 8:07,121,149,-28
2019-04-29 8:08,121,149,-28
2019-04-29 8:09,122,149,-27
2019-04-29 8:10,123,150,-27
2019-04-29 8:11,123,150,-27
2019-04-29 8:12,124,150,-26
2019-04-29 8:13,125,150,-25
2019-04-29 8:14,125,151,-26
2019-04-29 8:15,126,151,-25
2019-04-29 8:16,127,151,-24
2019-04-29 8:17,128,152,-24
2019-04-29 8:18,128,152,-24
2019-04-29 8:19,128,152,-24
2019-04-29 8:20,129,153,-24
2019-04-29 8:21,130,153,-23
2019-04-29 8:22,131,153,-22
2019-04-29 8:23,131,154,-23
2019-04-29 8:24,132,154,-22
2019-04-29 8:25,133,154,-21
2019-04-29 8:26,133,155,-22
2019-04-29 8:27,134,155,-21
2019-04-29 8:28,134,155,-21
2019-04-29 8:29,135,156,-21
2019-04-29 8:30,135,156,-21
2019-04-29 8:31,135,157,-22
2019-04-29 8:32,136,157,-21
2019-04-29 8:33,136,158,-22
2019-04-29 8:34,136,158,-22
2019-04-29 8:35,136,158,-22
2019-04-29 8:36,137,159,-22
2019-04-29 8:37,137,159,-22
2019-04-29 8:38,137,160,-23
2019-04-29 8:39,138,160,-22
2019-04-29 8:40,139,161,-22
2019-04-29 8:41,139,161,-22
2019-04-29 8:42,140,162,-22
2019-04-29 8:43,140,162,-22
2019-04-29 8:44,140,163,-23
2019-04-29 8:45,141,163,-22
2019-04-29 8:46,141,164,-23
2019-04-29 8:47,142,164,-22
2019-04-29 8:48,142,165,-23
2019-04-29 8:49,143,165,-22
2019-04-29 8:50,143,166,-23
2019-04-29 8:51,144,166,-22
2019-04-29 8:52,145,167,-22
2019-04-29 8:53,145,168,-23
2019-04-29 8:54,146,168,-22
2019-04-29 8:55,147,169,-22
2019-04-29 8:56,147,169,-22
2019-04-29 8:57,148,170,-22
2019-04-29 8:58,149,171,-22
2019-04-29 8:59,149,171,-22
2019-04-29 9:00,149,172,-23
2019-04-29 9:01,150,172,-22
2019-04-29 9:02,150,173,-23
2019-04-29 9:03,151,174,-23
2019-04-29 9:04,152,174,-22
2019-04-29 9:05,153,175,-22
2019-04-29 9:06,154,176,-22
2019-04-29 9:07,154,176,-22
2019-04-29 9:08,155,177,-22
2019-04-29 9:09,156,178,-22
2019-04-29 9:10,157,178,-21
2019-04-29 9:11,158,179,-21
2019-04-29 9:12,159,180,-21
2019-04-29 9:13,159,181,-22
2019-04-29 9:14,160,181,-21
2019-04-29 9:15,161,182,-21
2019-04-29 9:16,162,183,-21
2019-04-29 9:17,163,184,-21
2019-04-29 9:18,164,184,-20
2019-04-29 9:19,164,185,-21
2019-04-29 9:20,165,186,-21
2019-04-29 9:21,166,187,-21
2019-04-29 9:22,167,187,-20
2019-04-29 9:23,168,188,-20
2019-04-29 9:24,169,189,-20
2019-04-29 9:25,169,190,-21
2019-04-29 9:26,170,190,-20
2019-04-29 9:27,171,191,-20
2019-04-29 9:28,172,192,-20
2019-04-29 9:29,173,193,-20
2019-04-29 9:30,174,194,-20
2019-04-29 9:31,174,195,-21
2019-04-29 9:32,175,195,-20
2019-04-29 9:33,176,196,-20
2019-04-29 9:34,177,197,-20
2019-04-29 9:35,178,198,-20
2019-04-29 9:36,179,199,-20
2019-04-29 9:37,180,200,-20
2019-04-29 9:38,182,201,-19
2019-04-29 9:39,183,201,-18
2019-04-29 9:40,184,202,-18
2019-04-29 9:41,185,203,-18
2019-04-29 9:42,186,204,-18
2019-04-29 9:43,187,205,-18
2019-04-29 9:44,188,206,-18
2019-04-29 9:45,189,207,-18
2019-04-29 9:46,191,208,-17
2019-04-29 9:47,192,209,-17
2019-04-29 9:48,193,210,-17
2019-04-29 9:49,194,211,-17
2019-04-29 9:50,196,212,-16
2019-04-29 9:51,197,212,-15
2019-04-29 9:52,198,213,-15
2019-04-29 9:53,200,214,-14
2019-04-29 9:54,201,215,-14
2019-04-29 9:55,202,216,-14
2019-04-29 9:56,203,217,-14
2019-04-29 9:57,204,218,-14
2019-04-29 9:58,206,219,-13
2019-04-29 9:59,207,220,-13
2019-04-29 10:00,208,221,-13
2019-04-29 10:01,210,222,-12
2019-04-29 10:02,211,223,-12
2019-04-29 10:03,212,224,-12
2019-04-29 10:04,213,225,-12
2019-04-29 10:05,215,226,-11
2019-04-29 10:06,216,227,-11
2019-04-29 10:07,218,228,-10
2019-04-29 10:08,219,229,-10
2019-04-29 10:09,221,230,-9
2019-04-29 10:10,222,231,-9
2019-04-29 10:11,223,232,-9
2019-04-29 10:12,224,233,-9
2019-04-29 10:13,226,235,-9
2019-04-29 10:14,227,236,-9
2019-04-29 10:15,229,237,-8
2019-04-29 10:16,230,238,-8
2019-04-29 10:17,231,239,-8
2019-04-29 10:18,233,240,-7
2019-04-29 10:19,234,241,-7
2019-04-29 10:20,236,242,-6
2019-04-29 10:21,238,243,-5
2019-04-29 10:22,239,244,-5
2019-04-29 10:23,240,245,-5
2019-04-29 10:24,242,246,-4
2019-04-29 10:25,243,247,-4
2019-04-29 10:26,244,249,-5
2019-04-29 10:27,245,250,-5
2019-04-29 10:28,246,251,-5
2019-04-29 10:29,248,252,-4
2019-04-29 10:30,249,253,-4
2019-04-29 10:31,250,254,-4
2019-04-29 10:32,252,255,-3
2019-04-29 10:33,253,256,-3
2019-04-29 10:34,255,257,-2
2019-04-29 10:35,256,258,-2
2019-04-29 10:36,258,260,-2
2019-04-29 10:37,259,261,-2
2019-04-29 10:38,260,262,-2
2019-04-29 10:39,262,263,-1
2019-04-29 10:40,263,264,-1
2019-04-29 10:41,264,265,-1
2019-04-29 10:42,265,266,-1
2019-04-29 10:43,267,268,-1
2019-04-29 10:44,268,269,-1
2019-04-29 10:45,269,270,-1
2019-04-29 10:46,271,271,0
2019-04-29 10:47,272,272,0
2019-04-29 10:48,274,273,1
2019-04-29 10:49,275,274,1
2019-04-29 10:50,277,276,1
2019-04-29 10:51,278,277,1
2019-04-29 10:52,279,278,1
2019-04-29 10:53,281,279,2
2019-04-29 10:54,282,280,2
2019-04-29 10:55,283,281,2
2019-04-29 10:56,285,282,3
2019-04-29 10:57,286,284,2
2019-04-29 10:58,287,285,2
2019-04-29 10:59,289,286,3
2019-04-29 11:00,290,287,3
2019-04-29 11:01,292,288,4
2019-04-29 11:02,293,289,4
2019-04-29 11:03,294,291,3
2019-04-29 11:04,296,292,4
2019-04-29 11:05,297,293,4
2019-04-29 11:06,298,294,4
2019-04-29 11:07,300,295,5
2019-04-29 11:08,301,296,5
2019-04-29 11:09,302,298,4
2019-04-29 11:10,303,299,4
2019-04-29 11:11,304,300,4
2019-04-29 11:12,305,301,4
2019-04-29 11:13,307,302,5
2019-04-29 11:14,308,303,5
2019-04-29 11:15,309,305,4
2019-04-29 11:16,311,306,5
2019-04-29 11:17,312,307,5
2019-04-29 11:18,313,308,5
2019-04-29 11:19,314,309,5
2019-04-29 11:20,315,310,5
2019-04-29 11:21,317,312,5
2019-04-29 11:22,318,313,5
2019-04-29 11:23,319,314,5
2019-04-29 11:24,320,315,5
2019-04-29 11:25,321,316,5
2019-04-29 11:26,322,317,5
2019-04-29 11:27,323,319,4
2019-04-29 11:28,325,320,5
2019-04-29 11:29,326,321,5
2019-04-29 11:30,327,322,5
2019-04-29 11:31,329,323,6
2019-04-29 11:32,330,324,6
2019-04-29 11:33,332,326,6
2019-04-29 11:34,333,327,6
2019-04-29 11:35,334,328,6
2019-04-29 11:36,335,329,6
2019-04-29 11:37,336,330,6
2019-04-29 11:38,337,331,6
2019-04-29 11:39,338,332,6
2019-04-29 11:40,339,334,5
2019-04-29 11:41,341,335,6
2019-04-29 11:42,342,336,6
2019-04-29 11:43,343,337,6
2019-04-29 11:44,344,338,6
2019-04-29 11:45,346,339,7
2019-04-29 11:46,347,341,6
2019-04-29 11:47,349,342,7
2019-04-29 11:48,350,343,7
2019-04-29 11:49,351,344,7
2019-04-29 11:50,353,345,8
2019-04-29 11:51,354,346,8
2019-04-29 11:52,355,347,8
2019-04-29 11:53,356,348,8
2019-04-29 11:54,358,350,8
2019-04-29 11:55,359,351,8
2019-04-29 11:56,360,352,8
2019-04-29 11:57,362,353,9
2019-04-29 11:58,363,354,9
2019-04-29 11:59,364,355,9
2019-04-29 12:00,366,356,10
2019-04-29 12:01,367,357,10
2019-04-29 12:02,368,359,9
2019-04-29 12:03,370,360,10
2019-04-29 12:04,371,361,10
2019-04-29 12:05,372,362,10
2019-04-29 12:06,373,363,10
2019-04-29 12:07,374,364,10
2019-04-29 12:08,376,365,11
2019-04-29 12:09,377,366,11
2019-04-29 12:10,378,367,11
2019-04-29 12:11,379,368,11
2019-04-29 12:12,381,369,12
2019-04-29 12:13,382,370,12
2019-04-29 12:14,383,372,11
2019-04-29 12:15,384,373,11
2019-04-29 12:16,386,374,12
2019-04-29 12:17,387,375,12
2019-04-29 12:18,388,376,12
2019-04-29 12:19,389,377,12
2019-04-29 12:20,390,378,12
2019-04-29 12:21,392,379,13
2019-04-29 12:22,393,380,13
2019-04-29 12:23,394,381,13
2019-04-29 12:24,395,382,13
2019-04-29 12:25,396,383,13
2019-04-29 12:26,397,384,13
2019-04-29 12:27,398,385,13
2019-04-29 12:28,399,386,13
2019-04-29 12:29,400,387,13
2019-04-29 12:30,401,388,13
2019-04-29 12:31,402,389,13
2019-04-29 12:32,403,390,13
2019-04-29 12:33,404,391,13
2019-04-29 12:34,405,392,13
2019-04-29 12:35,406,393,13
2019-04-29 12:36,407,394,13
2019-04-29 12:37,408,395,13
2019-04-29 12:38,409,396,13
2019-04-29 12:39,410,397,13
2019-04-29 12:40,411,398,13
2019-04-29 12:41,412,399,13
2019-04-29 12:42,413,400,13
2019-04-29 12:43,413,401,12
2019-04-29 12:44,414,402,12
2019-04-29 12:45,416,403,13
2019-04-29 12:46,417,404,13
2019-04-29 12:47,418,405,13
2019-04-29 12:48,419,406,13
2019-04-29 12:49,420,407,13
2019-04-29 12:50,421,408,13
2019-04-29 12:51,422,408,14
2019-04-29 12:52,424,409,15
2019-04-29 12:53,425,410,15
2019-04-29 12:54,426,411,15
2019-04-29 12:55,427,412,15
2019-04-29 12:56,429,413,16
2019-04-29 12:57,430,414,16
2019-04-29 12:58,431,415,16
2019-04-29 12:59,432,415,17
2019-04-29 13:00,433,416,17
2019-04-29 13:01,434,417,17
2019-04-29 13:02,435,418,17
2019-04-29 13:03,436,419,17
2019-04-29 13:04,437,420,17
2019-04-29 13:05,438,421,17
2019-04-29 13:06,439,421,18
2019-04-29 13:07,440,422,18
2019-04-29 13:08,441,423,18
2019-04-29 13:09,442,424,18
2019-04-29 13:10,444,425,19
2019-04-29 13:11,445,425,20
2019-04-29 13:12,446,426,20
2019-04-29 13:13,447,427,20
2019-04-29 13:14,447,428,19
2019-04-29 13:15,448,428,20
2019-04-29 13:16,449,429,20
2019-04-29 13:17,450,430,20
2019-04-29 13:18,451,431,20
2019-04-29 13:19,451,431,20
2019-04-29 13:20,452,432,20
2019-04-29 13:21,453,433,20
2019-04-29 13:22,453,433,20
2019-04-29 13:23,454,434,20
2019-04-29 13:24,454,435,19
2019-04-29 13:25,455,436,19
2019-04-29 13:26,455,436,19
2019-04-29 13:27,455,437,18
2019-04-29 13:28,456,438,18
2019-04-29 13:29,457,438,19
2019-04-29 13:30,457,439,18
2019-04-29 13:31,457,439,18
2019-04-29 13:32,457,440,17
2019-04-29 13:33,458,441,17
2019-04-29 13:34,459,441,18
2019-04-29 13:35,459,442,17
2019-04-29 13:36,459,442,17
2019-04-29 13:37,459,443,16
2019-04-29 13:38,459,444,15
2019-04-29 13:39,460,444,16
2019-04-29 13:40,461,445,16
2019-04-29 13:41,461,445,16
2019-04-29 13:42,461,446,15
2019-04-29 13:43,461,446,15
2019-04-29 13:44,462,447,15
2019-04-29 13:45,463,447,16
2019-04-29 13:46,463,448,15
2019-04-29 13:47,462,448,14
2019-04-29 13:48,462,449,13
2019-04-29 13:49,464,449,15
2019-04-29 13:50,464,450,14
2019-04-29 13:51,464,450,14
2019-04-29 13:52,465,450,15
2019-04-29 13:53,466,451,15
2019-04-29 13:54,466,451,15
2019-04-29 13:55,466,452,14
2019-04-29 13:56,466,452,14
2019-04-29 13:57,467,452,15
2019-04-29 13:58,467,453,14
2019-04-29 13:59,467,453,14
2019-04-29 14:00,467,453,14
2019-04-29 14:01,468,454,14
2019-04-29 14:02,468,454,14
2019-04-29 14:03,468,454,14
2019-04-29 14:04,468,455,13
2019-04-29 14:05,468,455,13
2019-04-29 14:06,469,455,14
2019-04-29 14:07,469,456,13
2019-04-29 14:08,469,456,13
2019-04-29 14:09,469,456,13
2019-04-29 14:10,470,456,14
2019-04-29 14:11,470,456,14
2019-04-29 14:12,471,457,14
2019-04-29 14:13,471,457,14
2019-04-29 14:14,471,457,14
2019-04-29 14:15,471,457,14
2019-04-29 14:16,471,457,14
2019-04-29 14:17,471,458,13
2019-04-29 14:18,472,458,14
2019-04-29 14:19,472,458,14
2019-04-29 14:20,472,458,14
2019-04-29 14:21,472,458,14
2019-04-29 14:22,472,458,14
2019-04-29 14:23,472,458,14
2019-04-29 14:24,472,458,14
2019-04-29 14:25,472,458,14
2019-04-29 14:26,472,458,14
2019-04-29 14:27,473,458,15
2019-04-29 14:28,473,458,15
2019-04-29 14:29,473,458,15
2019-04-29 14:30,473,458,15
2019-04-29 14:31,473,458,15
2019-04-29 14:32,472,458,14
2019-04-29 14:33,472,458,14
2019-04-29 14:34,472,458,14
2019-04-29 14:35,472,458,14
2019-04-29 14:36,472,458,14
2019-04-29 14:37,471,458,13
2019-04-29 14:38,471,458,13
2019-04-29 14:39,471,458,13
2019-04-29 14:40,470,458,12
2019-04-29 14:41,470,457,13
2019-04-29 14:42,469,457,12
2019-04-29 14:43,469,457,12
2019-04-29 14:44,469,457,12
2019-04-29 14:45,468,457,11
2019-04-29 14:46,468,456,12
2019-04-29 14:47,468,456,12
2019-04-29 14:48,467,456,11
2019-04-29 14:49,467,456,11
2019-04-29 14:50,467,455,12
2019-04-29 14:51,467,455,12
2019-04-29 14:52,466,455,11
2019-04-29 14:53,466,455,11
2019-04-29 14:54,465,454,11
2019-04-29 14:55,465,454,11
2019-04-29 14:56,465,454,11
2019-04-29 14:57,464,453,11
2019-04-29 14:58,464,453,11
2019-04-29 14:59,464,453,11
2019-04-29 15:00,463,452,11
2019-04-29 15:01,462,452,10
2019-04-29 15:02,462,451,11
2019-04-29 15:03,462,451,11
2019-04-29 15:04,461,450,11
2019-04-29 15:05,461,450,11
2019-04-29 15:06,461,450,11
2019-04-29 15:07,459,449,10
2019-04-29 15:08,459,449,10
2019-04-29 15:09,459,448,11
2019-04-29 15:10,458,448,10
2019-04-29 15:11,458,447,11
2019-04-29 15:12,458,446,12
2019-04-29 15:13,457,446,11
2019-04-29 15:14,456,445,11
2019-04-29 15:15,456,445,11
2019-04-29 15:16,454,444,10
2019-04-29 15:17,454,444,10
2019-04-29 15:18,454,443,11
2019-04-29 15:19,453,442,11
2019-04-29 15:20,453,442,11
2019-04-29 15:21,452,441,11
2019-04-29 15:22,451,440,11
2019-04-29 15:23,451,440,11
2019-04-29 15:24,450,439,11
2019-04-29 15:25,450,438,12
2019-04-29 15:26,449,438,11
2019-04-29 15:27,448,437,11
2019-04-29 15:28,448,436,12
2019-04-29 15:29,447,436,11
2019-04-29 15:30,446,435,11
2019-04-29 15:31,446,434,12
2019-04-29 15:32,445,433,12
2019-04-29 15:33,444,432,12
2019-04-29 15:34,443,432,11
2019-04-29 15:35,442,431,11
2019-04-29 15:36,442,430,12
2019-04-29 15:37,441,429,12
2019-04-29 15:38,440,428,12
2019-04-29 15:39,439,428,11
2019-04-29 15:40,438,427,11
2019-04-29 15:41,438,426,12
2019-04-29 15:42,437,425,12
2019-04-29 15:43,436,424,12
2019-04-29 15:44,435,423,12
2019-04-29 15:45,434,422,12
2019-04-29 15:46,433,421,12
2019-04-29 15:47,433,421,12
2019-04-29 15:48,432,420,12
2019-04-29 15:49,431,419,12
2019-04-29 15:50,430,418,12
2019-04-29 15:51,430,417,13
2019-04-29 15:52,429,416,13
2019-04-29 15:53,428,415,13
2019-04-29 15:54,427,414,13
2019-04-29 15:55,426,413,13
2019-04-29 15:56,425,412,13
2019-04-29 15:57,425,411,14
2019-04-29 15:58,424,410,14
2019-04-29 15:59,423,409,14
2019-04-29 16:00,422,408,14
2019-04-29 16:01,422,407,15
2019-04-29 16:02,421,406,15
2019-04-29 16:03,420,405,15
2019-04-29 16:04,419,404,15
2019-04-29 16:05,418,403,15
2019-04-29 16:06,417,402,15
2019-04-29 16:07,417,400,17
2019-04-29 16:08,416,399,17
2019-04-29 16:09,415,398,17
2019-04-29 16:10,414,397,17
2019-04-29 16:11,413,396,17
2019-04-29 16:12,412,395,17
2019-04-29 16:13,411,394,17
2019-04-29 16:14,410,393,17
2019-04-29 16:15,409,392,17
2019-04-29 16:16,408,390,18
2019-04-29 16:17,407,389,18
2019-04-29 16:18,407,388,19
2019-04-29 16:19,405,387,18
2019-04-29 16:20,404,386,18
2019-04-29 16:21,403,385,18
2019-04-29 16:22,402,384,18
2019-04-29 16:23,401,382,19
2019-04-29 16:24,400,381,19
2019-04-29 16:25,399,380,19
2019-04-29 16:26,398,379,19
2019-04-29 16:27,397,378,19
2019-04-29 16:28,396,377,19
2019-04-29 16:29,395,375,20
2019-04-29 16:30,393,374,19
2019-04-29 16:31,392,373,19
2019-04-29 16:32,391,372,19
2019-04-29 16:33,390,371,19
2019-04-29 16:34,389,369,20
2019-04-29 16:35,388,368,20
2019-04-29 16:36,387,367,20
2019-04-29 16:37,386,366,20
2019-04-29 16:38,385,365,20
2019-04-29 16:39,383,363,20
2019-04-29 16:40,382,362,20
2019-04-29 16:41,381,361,20
2019-04-29 16:42,380,360,20
2019-04-29 16:43,379,358,21
2019-04-29 16:44,378,357,21
2019-04-29 16:45,377,356,21
2019-04-29 16:46,375,355,20
2019-04-29 16:47,374,354,20
2019-04-29 16:48,373,352,21
2019-04-29 16:49,372,351,21
2019-04-29 16:50,371,350,21
2019-04-29 16:51,370,349,21
2019-04-29 16:52,369,347,22
2019-04-29 16:53,368,346,22
2019-04-29 16:54,367,345,22
2019-04-29 16:55,366,344,22
2019-04-29 16:56,365,342,23
2019-04-29 16:57,363,341,22
2019-04-29 16:58,363,340,23
2019-04-29 16:59,361,339,22
2019-04-29 17:00,360,338,22
2019-04-29 17:01,359,336,23
2019-04-29 17:02,358,335,23
2019-04-29 17:03,357,334,23
2019-04-29 17:04,356,333,23
2019-04-29 17:05,355,331,24
2019-04-29 17:06,354,330,24
2019-04-29 17:07,353,329,24
2019-04-29 17:08,352,328,24
2019-04-29 17:09,351,326,25
2019-04-29 17:10,349,325,24
2019-04-29 17:11,348,324,24
2019-04-29 17:12,348,323,25
2019-04-29 17:13,346,322,24
2019-04-29 17:14,345,320,25
2019-04-29 17:15,344,319,25
2019-04-29 17:16,343,318,25
2019-04-29 17:17,342,317,25
2019-04-29 17:18,340,316,24
2019-04-29 17:19,339,314,25
2019-04-29 17:20,338,313,25
2019-04-29 17:21,337,312,25
2019-04-29 17:22,336,311,25
2019-04-29 17:23,335,310,25
2019-04-29 17:24,334,308,26
2019-04-29 17:25,333,307,26
2019-04-29 17:26,331,306,25
2019-04-29 17:27,330,305,25
2019-04-29 17:28,329,304,25
2019-04-29 17:29,328,302,26
2019-04-29 17:30,326,301,25
2019-04-29 17:31,325,300,25
2019-04-29 17:32,324,299,25
2019-04-29 17:33,323,298,25
2019-04-29 17:34,322,297,25
2019-04-29 17:35,321,295,26
2019-04-29 17:36,320,294,26
2019-04-29 17:37,319,293,26
2019-04-29 17:38,318,292,26
2019-04-29 17:39,317,291,26
2019-04-29 17:40,316,290,26
2019-04-29 17:41,315,289,26
2019-04-29 17:42,314,287,27
2019-04-29 17:43,313,286,27
2019-04-29 17:44,311,285,26
2019-04-29 17:45,310,284,26
2019-04-29 17:46,309,283,26
2019-04-29 17:47,308,282,26
2019-04-29 17:48,307,281,26
2019-04-29 17:49,306,280,26
2019-04-29 17:50,305,278,27
2019-04-29 17:51,304,277,27
2019-04-29 17:52,303,276,27
2019-04-29 17:53,302,275,27
2019-04-29 17:54,301,274,27
2019-04-29 17:55,300,273,27
2019-04-29 17:56,299,272,27
2019-04-29 17:57,298,271,27
2019-04-29 17:58,297,270,27
2019-04-29 17:59,296,269,27
2019-04-29 18:00,294,268,26
2019-04-29 18:01,293,267,26
2019-04-29 18:02,292,266,26
2019-04-29 18:03,291,265,26
2019-04-29 18:04,290,264,26
2019-04-29 18:05,289,263,26
2019-04-29 18:06,288,262,26
2019-04-29 18:07,286,261,25
2019-04-29 18:08,285,260,25
2019-04-29 18:09,284,259,25
2019-04-29 18:10,283,258,25
2019-04-29 18:11,282,257,25
2019-04-29 18:12,281,256,25
2019-04-29 18:13,280,255,25
2019-04-29 18:14,279,254,25
2019-04-29 18:15,278,253,25
2019-04-29 18:16,277,252,25
2019-04-29 18:17,276,251,25
2019-04-29 18:18,275,250,25
2019-04-29 18:19,274,249,25
2019-04-29 18:20,273,248,25
2019-04-29 18:21,272,247,25
2019-04-29 18:22,271,246,25
2019-04-29 18:23,269,245,24
2019-04-29 18:24,269,244,25
2019-04-29 18:25,268,243,25
2019-04-29 18:26,267,242,25
2019-04-29 18:27,265,241,24
2019-04-29 18:28,264,240,24
2019-04-29 18:29,263,239,24
2019-04-29 18:30,263,238,25
2019-04-29 18:31,262,238,24
2019-04-29 18:32,261,237,24
2019-04-29 18:33,260,236,24
2019-04-29 18:34,259,235,24
2019-04-29 18:35,258,234,24
2019-04-29 18:36,257,233,24
2019-04-29 18:37,256,232,24
2019-04-29 18:38,255,231,24
2019-04-29 18:39,254,231,23
2019-04-29 18:40,253,230,23
2019-04-29 18:41,252,229,23
2019-04-29 18:42,250,228,22
2019-04-29 18:43,250,227,23
2019-04-29 18:44,248,226,22
2019-04-29 18:45,248,226,22
2019-04-29 18:46,246,225,21
2019-04-29 18:47,245,224,21
2019-04-29 18:48,245,223,22
2019-04-29 18:49,244,222,22
2019-04-29 18:50,243,221,22
2019-04-29 18:51,242,221,21
2019-04-29 18:52,241,220,21
2019-04-29 18:53,240,219,21
2019-04-29 18:54,239,218,21
2019-04-29 18:55,238,217,21
2019-04-29 18:56,237,217,20
2019-04-29 18:57,236,216,20
2019-04-29 18:58,235,215,20
2019-04-29 18:59,234,214,20
2019-04-29 19:00,233,214,19
2019-04-29 19:01,232,213,19
2019-04-29 19:02,231,212,19
2019-04-29 19:03,230,211,19
2019-04-29 19:04,229,211,18
2019-04-29 19:05,228,210,18
2019-04-29 19:06,227,209,18
2019-04-29 19:07,226,209,17
2019-04-29 19:08,225,208,17
2019-04-29 19:09,225,207,18
2019-04-29 19:10,224,206,18
2019-04-29 19:11,223,206,17
2019-04-29 19:12,222,205,17
2019-04-29 19:13,221,204,17
2019-04-29 19:14,220,204,16
2019-04-29 19:15,219,203,16
2019-04-29 19:16,218,202,16
2019-04-29 19:17,217,202,15
2019-04-29 19:18,216,201,15
2019-04-29 19:19,215,200,15
2019-04-29 19:20,214,200,14
2019-04-29 19:21,213,199,14
2019-04-29 19:22,212,198,14
2019-04-29 19:23,212,198,14
2019-04-29 19:24,211,197,14
2019-04-29 19:25,210,196,14
2019-04-29 19:26,209,196,13
2019-04-29 19:27,208,195,13
2019-04-29 19:28,207,194,13
2019-04-29 19:29,206,194,12
2019-04-29 19:30,205,193,12
2019-04-29 19:31,204,193,11
2019-04-29 19:32,204,192,12
2019-04-29 19:33,203,191,12
2019-04-29 19:34,202,191,11
2019-04-29 19:35,201,190,11
2019-04-29 19:36,200,190,10
2019-04-29 19:37,199,189,10
2019-04-29 19:38,198,189,9
2019-04-29 19:39,198,188,10
2019-04-29 19:40,196,187,9
2019-04-29 19:41,196,187,9
2019-04-29 19:42,195,186,9
2019-04-29 19:43,194,186,8
2019-04-29 19:44,193,185,8
2019-04-29 19:45,192,185,7
2019-04-29 19:46,191,184,7
2019-04-29 19:47,191,184,7
2019-04-29 19:48,190,183,7
2019-04-29 19:49,189,183,6
2019-04-29 19:50,188,182,6
2019-04-29 19:51,187,182,5
2019-04-29 19:52,187,181,6
2019-04-29 19:53,186,181,5
2019-04-29 19:54,185,180,5
2019-04-29 19:55,184,180,4
2019-04-29 19:56,184,179,5
2019-04-29 19:57,183,179,4
2019-04-29 19:58,182,178,4
2019-04-29 19:59,181,178,3
2019-04-29 20:00,180,177,3
2019-04-29 20:01,179,177,2
2019-04-29 20:02,179,176,3
2019-04-29 20:03,178,176,2
2019-04-29 20:04,177,175,2
2019-04-29 20:05,176,175,1
2019-04-29 20:06,175,175,0
2019-04-29 20:07,175,174,1
2019-04-29 20:08,174,174,0
2019-04-29 20:09,173,173,0
2019-04-29 20:10,172,173,-1
2019-04-29 20:11,172,172,0
2019-04-29 20:12,171,172,-1
2019-04-29 20:13,170,172,-2
2019-04-29 20:14,170,171,-1
2019-04-29 20:15,169,171,-2
2019-04-29 20:16,168,171,-3
2019-04-29 20:17,168,170,-2
2019-04-29 20:18,167,170,-3
2019-04-29 20:19,166,169,-3
2019-04-29 20:20,166,169,-3
2019-04-29 20:21,165,169,-4
2019-04-29 20:22,165,168,-3
2019-04-29 20:23,164,168,-4
2019-04-29 20:24,163,168,-5
2019-04-29 20:25,163,167,-4
2019-04-29 20:26,162,167,-5
2019-04-29 20:27,161,167,-6
2019-04-29 20:28,161,167,-6
2019-04-29 20:29,160,166,-6
2019-04-29 20:30,159,166,-7
2019-04-29 20:31,159,166,-7
2019-04-29 20:32,158,165,-7
2019-04-29 20:33,158,165,-7
2019-04-29 20:34,157,165,-8
2019-04-29 20:35,156,165,-9
2019-04-29 20:36,156,164,-8
2019-04-29 20:37,155,164,-9
2019-04-29 20:38,154,164,-10
2019-04-29 20:39,154,164,-10
2019-04-29 20:40,153,164,-11
2019-04-29 20:41,153,163,-10
2019-04-29 20:42,152,163,-11
2019-04-29 20:43,152,163,-11
2019-04-29 20:44,151,163,-12
2019-04-29 20:45,151,163,-12
2019-04-29 20:46,150,162,-12
2019-04-29 20:47,150,162,-12
2019-04-29 20:48,149,162,-13
2019-04-29 20:49,149,162,-13
2019-04-29 20:50,148,162,-14
2019-04-29 20:51,148,162,-14
2019-04-29 20:52,148,161,-13
2019-04-29 20:53,147,161,-14
2019-04-29 20:54,147,161,-14
2019-04-29 20:55,146,161,-15
2019-04-29 20:56,146,161,-15
2019-04-29 20:57,145,161,-16
2019-04-29 20:58,145,161,-16
2019-04-29 20:59,145,161,-16
2019-04-29 21:00,144,161,-17
2019-04-29 21:01,144,161,-17
2019-04-29 21:02,143,161,-18
2019-04-29 21:03,143,160,-17
2019-04-29 21:04,142,160,-18
2019-04-29 21:05,142,160,-18
2019-04-29 21:06,141,160,-19
2019-04-29 21:07,141,160,-19
2019-04-29 21:08,140,160,-20
2019-04-29 21:09,140,160,-20
2019-04-29 21:10,140,160,-20
2019-04-29 21:11,139,160,-21
2019-04-29 21:12,139,160,-21
2019-04-29 21:13,138,160,-22
2019-04-29 21:14,138,160,-22
2019-04-29 21:15,138,160,-22
2019-04-29 21:16,138,160,-22
2019-04-29 21:17,137,161,-24
2019-04-29 21:18,137,161,-24
2019-04-29 21:19,137,161,-24
2019-04-29 21:20,137,161,-24
2019-04-29 21:21,137,161,-24
2019-04-29 21:22,137,161,-24
2019-04-29 21:23,136,161,-25
2019-04-29 21:24,136,161,-25
2019-04-29 21:25,136,161,-25
2019-04-29 21:26,136,161,-25
2019-04-29 21:27,136,162,-26
2019-04-29 21:28,136,162,-26
2019-04-29 21:29,136,162,-26
2019-04-29 21:30,136,162,-26
2019-04-29 21:31,136,162,-26
2019-04-29 21:32,136,162,-26
2019-04-29 21:33,136,163,-27
2019-04-29 21:34,136,163,-27
2019-04-29 21:35,136,163,-27
2019-04-29 21:36,136,163,-27
2019-04-29 21:37,136,163,-27
2019-04-29 21:38,136,164,-28
2019-04-29 21:39,136,164,-28
2019-04-29 21:40,136,164,-28
2019-04-29 21:41,136,164,-28
2019-04-29 21:42,136,165,-29
2019-04-29 21:43,137,165,-28
2019-04-29 21:44,137,165,-28
2019-04-29 21:45,137,165,-28
2019-04-29 21:46,137,166,-29
2019-04-29 21:47,138,166,-28
2019-04-29 21:48,138,166,-28
2019-04-29 21:49,138,167,-29
2019-04-29 21:50,139,167,-28
2019-04-29 21:51,139,167,-28
2019-04-29 21:52,139,168,-29
2019-04-29 21:53,140,168,-28
2019-04-29 21:54,140,168,-28
2019-04-29 21:55,141,169,-28
2019-04-29 21:56,141,169,-28
2019-04-29 21:57,141,170,-29
2019-04-29 21:58,142,170,-28
2019-04-29 21:59,142,170,-28
2019-04-29 22:00,143,171,-28
2019-04-29 22:01,143,171,-28
2019-04-29 22:02,144,172,-28
2019-04-29 22:03,145,172,-27
2019-04-29 22:04,145,172,-27
2019-04-29 22:05,146,173,-27
2019-04-29 22:06,146,173,-27
2019-04-29 22:07,147,174,-27
2019-04-29 22:08,148,174,-26
2019-04-29 22:09,149,175,-26
2019-04-29 22:10,149,175,-26
2019-04-29 22:11,150,176,-26
2019-04-29 22:12,151,176,-25
2019-04-29 22:13,151,177,-26
2019-04-29 22:14,152,177,-25
2019-04-29 22:15,153,178,-25
2019-04-29 22:16,154,178,-24
2019-04-29 22:17,155,179,-24
2019-04-29 22:18,156,180,-24
2019-04-29 22:19,157,180,-23
2019-04-29 22:20,158,181,-23
2019-04-29 22:21,159,181,-22
2019-04-29 22:22,161,182,-21
2019-04-29 22:23,162,182,-20
2019-04-29 22:24,163,183,-20
2019-04-29 22:25,164,184,-20
2019-04-29 22:26,165,184,-19
2019-04-29 22:27,166,185,-19
2019-04-29 22:28,167,185,-18
2019-04-29 22:29,168,186,-18
2019-04-29 22:30,169,187,-18
2019-04-29 22:31,169,187,-18
2019-04-29 22:32,170,188,-18
2019-04-29 22:33,171,189,-18
2019-04-29 22:34,172,189,-17
2019-04-29 22:35,172,190,-18
2019-04-29 22:36,173,191,-18
2019-04-29 22:37,174,191,-17
2019-04-29 22:38,175,192,-17
2019-04-29 22:39,176,193,-17
2019-04-29 22:40,177,194,-17
2019-04-29 22:41,177,194,-17
2019-04-29 22:42,178,195,-17
2019-04-29 22:43,179,196,-17
2019-04-29 22:44,179,196,-17
2019-04-29 22:45,180,197,-17
2019-04-29 22:46,181,198,-17
2019-04-29 22:47,182,199,-17
2019-04-29 22:48,183,199,-16
2019-04-29 22:49,184,200,-16
2019-04-29 22:50,184,201,-17
2019-04-29 22:51,185,202,-17
2019-04-29 22:52,186,203,-17
2019-04-29 22:53,186,203,-17
2019-04-29 22:54,187,204,-17
2019-04-29 22:55,188,205,-17
2019-04-29 22:56,189,206,-17
2019-04-29 22:57,190,207,-17
2019-04-29 22:58,190,208,-18
2019-04-29 22:59,191,208,-17
2019-04-29 23:00,192,209,-17
2019-04-29 23:01,193,210,-17
2019-04-29 23:02,194,211,-17
2019-04-29 23:03,195,212,-17
2019-04-29 23:04,196,213,-17
2019-04-29 23:05,197,213,-16
2019-04-29 23:06,198,214,-16
2019-04-29 23:07,199,215,-16
2019-04-29 23:08,200,216,-16
2019-04-29 23:09,201,217,-16
2019-04-29 23:10,203,218,-15
2019-04-29 23:11,204,219,-15
2019-04-29 23:12,205,220,-15
2019-04-29 23:13,206,221,-15
2019-04-29 23:14,208,222,-14
2019-04-29 23:15,209,222,-13
2019-04-29 23:16,210,223,-13
2019-04-29 23:17,212,224,-12
2019-04-29 23:18,213,225,-12
2019-04-29 23:19,215,226,-11
2019-04-29 23:20,216,227,-11
2019-04-29 23:21,218,228,-10
2019-04-29 23:22,219,229,-10
2019-04-29 23:23,221,230,-9
2019-04-29 23:24,222,231,-9
2019-04-29 23:25,223,232,-9
2019-04-29 23:26,225,233,-8
2019-04-29 23:27,226,234,-8
2019-04-29 23:28,228,235,-7
2019-04-29 23:29,229,236,-7
2019-04-29 23:30,230,237,-7
2019-04-29 23:31,232,238,-6
2019-04-29 23:32,233,239,-6
2019-04-29 23:33,235,240,-5
2019-04-29 23:34,236,241,-5
2019-04-29 23:35,238,242,-4
2019-04-29 23:36,239,243,-4
2019-04-29 23:37,240,244,-4
2019-04-29 23:38,242,245,-3
2019-04-29 23:39,243,246,-3
2019-04-29 23:40,244,247,-3
2019-04-29 23:41,245,248,-3
2019-04-29 23:42,246,249,-3
2019-04-29 23:43,248,250,-2
2019-04-29 23:44,249,251,-2
2019-04-29 23:45,250,252,-2
2019-04-29 23:46,252,253,-1
2019-04-29 23:47,253,254,-1
2019-04-29 23:48,255,255,0
2019-04-29 23:49,256,256,0
2019-04-29 23:50,257,257,0
2019-04-29 23:51,259,259,0
2019-04-29 23:52,260,260,0
2019-04-29 23:53,261,261,0
2019-04-29 23:54,262,262,0
2019-04-29 23:55,263,263,0
2019-04-29 23:56,265,264,1
2019-04-29 23:57,266,265,1
2019-04-29 23:58,267,266,1
2019-04-29 23:59,269,267,2
2019-04-30 0:00,270,268,2
2019-04-30 0:01,272,269,3
2019-04-30 0:02,273,270,3
2019-04-30 0:03,275,272,3
2019-04-30 0:04,276,273,3
2019-04-30 0:05,278,274,4
2019-04-30 0:06,279,275,4
2019-04-30 0:07,280,276,4
2019-04-30 0:08,282,277,5
2019-04-30 0:09,283,278,5
2019-04-30 0:10,284,279,5
2019-04-30 0:11,286,280,6
2019-04-30 0:12,287,282,5
2019-04-30 0:13,289,283,6
2019-04-30 0:14,290,284,6
2019-04-30 0:15,292,285,7
2019-04-30 0:16,293,286,7
2019-04-30 0:17,295,287,8
2019-04-30 0:18,296,288,8
2019-04-30 0:19,298,289,9
2019-04-30 0:20,299,291,8
2019-04-30 0:21,300,292,8
2019-04-30 0:22,301,293,8
2019-04-30 0:23,303,294,9
2019-04-30 0:24,304,295,9
2019-04-30 0:25,305,296,9
2019-04-30 0:26,307,297,10
2019-04-30 0:27,308,298,10
2019-04-30 0:28,310,300,10
2019-04-30 0:29,311,301,10
2019-04-30 0:30,312,302,10
2019-04-30 0:31,314,303,11
2019-04-30 0:32,315,304,11
2019-04-30 0:33,316,305,11
2019-04-30 0:34,317,306,11
2019-04-30 0:35,319,308,11
2019-04-30 0:36,320,309,11
2019-04-30 0:37,321,310,11
2019-04-30 0:38,323,311,12
2019-04-30 0:39,324,312,12
2019-04-30 0:40,325,313,12
2019-04-30 0:41,326,314,12
2019-04-30 0:42,328,316,12
2019-04-30 0:43,329,317,12
2019-04-30 0:44,330,318,12
2019-04-30 0:45,332,319,13
2019-04-30 0:46,333,320,13
2019-04-30 0:47,334,321,13
2019-04-30 0:48,335,322,13
2019-04-30 0:49,337,323,14
2019-04-30 0:50,338,325,13
2019-04-30 0:51,339,326,13
2019-04-30 0:52,340,327,13
2019-04-30 0:53,342,328,14
2019-04-30 0:54,343,329,14
2019-04-30 0:55,344,330,14
2019-04-30 0:56,346,331,15
2019-04-30 0:57,347,332,15
2019-04-30 0:58,349,334,15
2019-04-30 0:59,350,335,15
2019-04-30 1:00,352,336,16
2019-04-30 1:01,353,337,16
2019-04-30 1:02,354,338,16
2019-04-30 1:03,355,339,16
2019-04-30 1:04,356,340,16
2019-04-30 1:05,358,341,17
2019-04-30 1:06,359,342,17
2019-04-30 1:07,360,343,17
2019-04-30 1:08,361,345,16
2019-04-30 1:09,363,346,17
2019-04-30 1:10,364,347,17
2019-04-30 1:11,365,348,17
2019-04-30 1:12,367,349,18
2019-04-30 1:13,368,350,18
2019-04-30 1:14,369,351,18
2019-04-30 1:15,370,352,18
2019-04-30 1:16,372,353,19
2019-04-30 1:17,373,354,19
2019-04-30 1:18,374,355,19
2019-04-30 1:19,375,356,19
2019-04-30 1:20,376,357,19
2019-04-30 1:21,377,358,19
2019-04-30 1:22,378,359,19
2019-04-30 1:23,379,360,19
2019-04-30 1:24,380,362,18
2019-04-30 1:25,381,363,18
2019-04-30 1:26,382,364,18
2019-04-30 1:27,383,365,18
2019-04-30 1:28,384,366,18
2019-04-30 1:29,385,367,18
2019-04-30 1:30,386,368,18
2019-04-30 1:31,387,369,18
2019-04-30 1:32,389,370,19
2019-04-30 1:33,390,370,20
2019-04-30 1:34,391,371,20
2019-04-30 1:35,392,372,20
2019-04-30 1:36,393,373,20
2019-04-30 1:37,394,374,20
2019-04-30 1:38,395,375,20
2019-04-30 1:39,395,376,19
2019-04-30 1:40,396,377,19
2019-04-30 1:41,397,378,19
2019-04-30 1:42,398,379,19
2019-04-30 1:43,399,380,19
2019-04-30 1:44,400,381,19
2019-04-30 1:45,401,382,19
2019-04-30 1:46,402,383,19
2019-04-30 1:47,404,383,21
2019-04-30 1:48,405,384,21
2019-04-30 1:49,406,385,21
2019-04-30 1:50,407,386,21
2019-04-30 1:51,408,387,21
2019-04-30 1:52,409,388,21
2019-04-30 1:53,409,389,20
2019-04-30 1:54,410,389,21
2019-04-30 1:55,411,390,21
2019-04-30 1:56,412,391,21
2019-04-30 1:57,413,392,21
2019-04-30 1:58,413,393,20
2019-04-30 1:59,414,393,21
2019-04-30 2:00,415,394,21
2019-04-30 2:01,415,395,20
2019-04-30 2:02,416,396,20
2019-04-30 2:03,417,396,21
2019-04-30 2:04,418,397,21
2019-04-30 2:05,418,398,20
2019-04-30 2:06,419,399,20
2019-04-30 2:07,420,399,21
2019-04-30 2:08,421,400,21
2019-04-30 2:09,421,401,20
2019-04-30 2:10,422,401,21
2019-04-30 2:11,423,402,21
2019-04-30 2:12,424,403,21
2019-04-30 2:13,424,403,21
2019-04-30 2:14,426,404,22
2019-04-30 2:15,426,405,21
2019-04-30 2:16,427,405,22
2019-04-30 2:17,428,406,22
2019-04-30 2:18,429,406,23
2019-04-30 2:19,429,407,22
2019-04-30 2:20,430,408,22
2019-04-30 2:21,430,408,22
2019-04-30 2:22,431,409,22
2019-04-30 2:23,432,409,23
2019-04-30 2:24,432,410,22
2019-04-30 2:25,433,410,23
2019-04-30 2:26,433,411,22
2019-04-30 2:27,434,411,23
2019-04-30 2:28,435,412,23
2019-04-30 2:29,435,412,23
2019-04-30 2:30,436,413,23
2019-04-30 2:31,436,413,23
2019-04-30 2:32,437,414,23
2019-04-30 2:33,438,414,24
2019-04-30 2:34,438,414,24
2019-04-30 2:35,439,415,24
2019-04-30 2:36,439,415,24
2019-04-30 2:37,440,415,25
2019-04-30 2:38,441,416,25
2019-04-30 2:39,441,416,25
2019-04-30 2:40,441,416,25
2019-04-30 2:41,442,417,25
2019-04-30 2:42,442,417,25
2019-04-30 2:43,442,417,25
2019-04-30 2:44,443,418,25
2019-04-30 2:45,443,418,25
2019-04-30 2:46,444,418,26
2019-04-30 2:47,444,418,26
2019-04-30 2:48,444,419,25
2019-04-30 2:49,444,419,25
2019-04-30 2:50,445,419,26
2019-04-30 2:51,445,419,26
2019-04-30 2:52,445,419,26
2019-04-30 2:53,446,419,27
2019-04-30 2:54,446,420,26
2019-04-30 2:55,446,420,26
2019-04-30 2:56,446,420,26
2019-04-30 2:57,446,420,26
2019-04-30 2:58,447,420,27
2019-04-30 2:59,447,420,27
2019-04-30 3:00,447,420,27
2019-04-30 3:01,448,420,28
2019-04-30 3:02,448,420,28
2019-04-30 3:03,449,420,29
2019-04-30 3:04,449,420,29
2019-04-30 3:05,449,420,29
2019-04-30 3:06,450,420,30
2019-04-30 3:07,450,420,30
2019-04-30 3:08,450,420,30
2019-04-30 3:09,450,420,30
2019-04-30 3:10,450,420,30
2019-04-30 3:11,450,420,30
2019-04-30 3:12,450,419,31
2019-04-30 3:13,450,419,31
2019-04-30 3:14,450,419,31
2019-04-30 3:15,450,419,31
2019-04-30 3:16,450,419,31
2019-04-30 3:17,450,419,31
2019-04-30 3:18,449,418,31
2019-04-30 3:19,449,418,31
2019-04-30 3:20,448,418,30
2019-04-30 3:21,448,418,30
2019-04-30 3:22,447,417,30
2019-04-30 3:23,447,417,30
2019-04-30 3:24,447,417,30
2019-04-30 3:25,446,416,30
2019-04-30 3:26,446,416,30
2019-04-30 3:27,445,416,29
2019-04-30 3:28,445,415,30
2019-04-30 3:29,444,415,29
2019-04-30 3:30,443,415,28
2019-04-30 3:31,443,414,29
2019-04-30 3:32,442,414,28
2019-04-30 3:33,441,413,28
2019-04-30 3:34,441,413,28
2019-04-30 3:35,440,413,27
2019-04-30 3:36,439,412,27
2019-04-30 3:37,438,412,26
2019-04-30 3:38,438,411,27
2019-04-30 3:39,437,411,26
2019-04-30 3:40,436,410,26
2019-04-30 3:41,436,410,26
2019-04-30 3:42,435,409,26
2019-04-30 3:43,434,408,26
2019-04-30 3:44,433,408,25
2019-04-30 3:45,433,407,26
2019-04-30 3:46,432,407,25
2019-04-30 3:47,432,406,26
2019-04-30 3:48,431,405,26
2019-04-30 3:49,430,405,25
2019-04-30 3:50,430,404,26
2019-04-30 3:51,429,403,26
2019-04-30 3:52,428,403,25
2019-04-30 3:53,428,402,26
2019-04-30 3:54,427,401,26
2019-04-30 3:55,426,401,25
2019-04-30 3:56,425,400,25
2019-04-30 3:57,424,399,25
2019-04-30 3:58,423,398,25
2019-04-30 3:59,422,398,24
2019-04-30 4:00,421,397,24
2019-04-30 4:01,419,396,23
2019-04-30 4:02,418,395,23
2019-04-30 4:03,417,395,22
2019-04-30 4:04,416,394,22
2019-04-30 4:05,416,393,23
2019-04-30 4:06,415,392,23
2019-04-30 4:07,413,391,22
2019-04-30 4:08,413,390,23
2019-04-30 4:09,412,389,23
2019-04-30 4:10,411,389,22
2019-04-30 4:11,410,388,22
2019-04-30 4:12,409,387,22
2019-04-30 4:13,408,386,22
2019-04-30 4:14,407,385,22
2019-04-30 4:15,407,384,23
2019-04-30 4:16,406,383,23
2019-04-30 4:17,405,382,23
2019-04-30 4:18,404,381,23
2019-04-30 4:19,403,380,23
2019-04-30 4:20,402,379,23
2019-04-30 4:21,401,378,23
2019-04-30 4:22,400,377,23
2019-04-30 4:23,400,376,24
2019-04-30 4:24,399,375,24
2019-04-30 4:25,398,374,24
2019-04-30 4:26,397,373,24
2019-04-30 4:27,396,372,24
2019-04-30 4:28,395,371,24
2019-04-30 4:29,394,370,24
2019-04-30 4:30,393,369,24
2019-04-30 4:31,392,368,24
2019-04-30 4:32,391,367,24
2019-04-30 4:33,390,366,24
2019-04-30 4:34,389,365,24
2019-04-30 4:35,388,363,25
2019-04-30 4:36,387,362,25
2019-04-30 4:37,386,361,25
2019-04-30 4:38,385,360,25
2019-04-30 4:39,384,359,25
2019-04-30 4:40,383,358,25
2019-04-30 4:41,382,357,25
2019-04-30 4:42,381,356,25
2019-04-30 4:43,380,354,26
2019-04-30 4:44,379,353,26
2019-04-30 4:45,378,352,26
2019-04-30 4:46,377,351,26
2019-04-30 4:47,376,350,26
2019-04-30 4:48,375,349,26
2019-04-30 4:49,374,347,27
2019-04-30 4:50,373,346,27
2019-04-30 4:51,372,345,27
2019-04-30 4:52,371,344,27
2019-04-30 4:53,369,343,26
2019-04-30 4:54,368,342,26
2019-04-30 4:55,367,340,27
2019-04-30 4:56,366,339,27
2019-04-30 4:57,364,338,26
2019-04-30 4:58,363,337,26
2019-04-30 4:59,362,335,27
2019-04-30 5:00,360,334,26
2019-04-30 5:01,360,333,27
2019-04-30 5:02,358,332,26
2019-04-30 5:03,357,331,26
2019-04-30 5:04,356,329,27
2019-04-30 5:05,355,328,27
2019-04-30 5:06,354,327,27
2019-04-30 5:07,353,326,27
2019-04-30 5:08,352,324,28
2019-04-30 5:09,351,323,28
2019-04-30 5:10,350,322,28
2019-04-30 5:11,349,321,28
2019-04-30 5:12,348,320,28
2019-04-30 5:13,347,318,29
2019-04-30 5:14,346,317,29
2019-04-30 5:15,345,316,29
2019-04-30 5:16,344,315,29
2019-04-30 5:17,342,313,29
2019-04-30 5:18,342,312,30
2019-04-30 5:19,340,311,29
2019-04-30 5:20,339,310,29
2019-04-30 5:21,338,308,30
2019-04-30 5:22,337,307,30
2019-04-30 5:23,336,306,30
2019-04-30 5:24,335,305,30
2019-04-30 5:25,334,303,31
2019-04-30 5:26,333,302,31
2019-04-30 5:27,332,301,31
2019-04-30 5:28,331,300,31
2019-04-30 5:29,329,298,31
2019-04-30 5:30,328,297,31
2019-04-30 5:31,327,296,31
2019-04-30 5:32,326,295,31
2019-04-30 5:33,325,294,31
2019-04-30 5:34,323,292,31
2019-04-30 5:35,322,291,31
2019-04-30 5:36,321,290,31
2019-04-30 5:37,320,289,31
2019-04-30 5:38,319,287,32
2019-04-30 5:39,318,286,32
2019-04-30 5:40,317,285,32
2019-04-30 5:41,316,284,32
2019-04-30 5:42,315,283,32
2019-04-30 5:43,313,281,32
2019-04-30 5:44,312,280,32
2019-04-30 5:45,311,279,32
2019-04-30 5:46,309,278,31
2019-04-30 5:47,308,277,31
2019-04-30 5:48,307,275,32
2019-04-30 5:49,306,274,32
2019-04-30 5:50,305,273,32
2019-04-30 5:51,304,272,32
2019-04-30 5:52,302,271,31
2019-04-30 5:53,301,269,32
2019-04-30 5:54,300,268,32
2019-04-30 5:55,299,267,32
2019-04-30 5:56,298,266,32
2019-04-30 5:57,297,265,32
2019-04-30 5:58,296,264,32
2019-04-30 5:59,295,263,32
2019-04-30 6:00,294,261,33
2019-04-30 6:01,292,260,32
2019-04-30 6:02,291,259,32
2019-04-30 6:03,290,258,32
2019-04-30 6:04,289,257,32
2019-04-30 6:05,288,256,32
2019-04-30 6:06,287,255,32
2019-04-30 6:07,285,253,32
2019-04-30 6:08,285,252,33
2019-04-30 6:09,283,251,32
2019-04-30 6:10,282,250,32
2019-04-30 6:11,281,249,32
2019-04-30 6:12,280,248,32
2019-04-30 6:13,279,247,32
2019-04-30 6:14,279,246,33
2019-04-30 6:15,277,245,32
2019-04-30 6:16,276,244,32
2019-04-30 6:17,275,243,32
2019-04-30 6:18,274,242,32
2019-04-30 6:19,273,240,33
2019-04-30 6:20,272,239,33
2019-04-30 6:21,271,238,33
2019-04-30 6:22,269,237,32
2019-04-30 6:23,268,236,32
2019-04-30 6:24,267,235,32
2019-04-30 6:25,266,234,32
2019-04-30 6:26,265,233,32
2019-04-30 6:27,264,232,32
2019-04-30 6:28,263,231,32
2019-04-30 6:29,262,230,32
2019-04-30 6:30,261,229,32
2019-04-30 6:31,260,228,32
2019-04-30 6:32,259,227,32
2019-04-30 6:33,258,226,32
2019-04-30 6:34,257,225,32
2019-04-30 6:35,256,224,32
2019-04-30 6:36,255,223,32
2019-04-30 6:37,254,222,32
2019-04-30 6:38,252,221,31
2019-04-30 6:39,251,220,31
2019-04-30 6:40,250,219,31
2019-04-30 6:41,249,218,31
2019-04-30 6:42,248,218,30
2019-04-30 6:43,247,217,30
2019-04-30 6:44,246,216,30
2019-04-30 6:45,245,215,30
2019-04-30 6:46,244,214,30
2019-04-30 6:47,243,213,30
2019-04-30 6:48,242,212,30
2019-04-30 6:49,241,211,30
2019-04-30 6:50,240,210,30
2019-04-30 6:51,239,209,30
2019-04-30 6:52,238,208,30
2019-04-30 6:53,237,208,29
2019-04-30 6:54,236,207,29
2019-04-30 6:55,235,206,29
2019-04-30 6:56,233,205,28
2019-04-30 6:57,232,204,28
2019-04-30 6:58,231,203,28
2019-04-30 6:59,230,202,28
2019-04-30 7:00,229,202,27
2019-04-30 7:01,228,201,27
2019-04-30 7:02,227,200,27
2019-04-30 7:03,226,199,27
2019-04-30 7:04,225,198,27
2019-04-30 7:05,224,198,26
2019-04-30 7:06,223,197,26
2019-04-30 7:07,222,196,26
2019-04-30 7:08,221,195,26
2019-04-30 7:09,221,194,27
2019-04-30 7:10,219,194,25
2019-04-30 7:11,219,193,26
2019-04-30 7:12,217,192,25
2019-04-30 7:13,216,191,25
2019-04-30 7:14,215,190,25
2019-04-30 7:15,214,190,24
2019-04-30 7:16,213,189,24
2019-04-30 7:17,212,188,24
2019-04-30 7:18,211,187,24
2019-04-30 7:19,210,187,23
2019-04-30 7:20,209,186,23
2019-04-30 7:21,208,185,23
2019-04-30 7:22,207,185,22
2019-04-30 7:23,206,184,22
2019-04-30 7:24,206,183,23
2019-04-30 7:25,204,182,22
2019-04-30 7:26,204,182,22
2019-04-30 7:27,203,181,22
2019-04-30 7:28,202,180,22
2019-04-30 7:29,201,180,21
2019-04-30 7:30,200,179,21
2019-04-30 7:31,199,178,21
2019-04-30 7:32,198,178,20
2019-04-30 7:33,197,177,20
2019-04-30 7:34,196,176,20
2019-04-30 7:35,195,176,19
2019-04-30 7:36,194,175,19
2019-04-30 7:37,193,174,19
2019-04-30 7:38,192,174,18
2019-04-30 7:39,191,173,18
2019-04-30 7:40,190,172,18
2019-04-30 7:41,189,172,17
2019-04-30 7:42,188,171,17
2019-04-30 7:43,188,171,17
2019-04-30 7:44,187,170,17
2019-04-30 7:45,186,169,17
2019-04-30 7:46,185,169,16
2019-04-30 7:47,184,168,16
2019-04-30 7:48,183,168,15
2019-04-30 7:49,182,167,15
2019-04-30 7:50,181,167,14
2019-04-30 7:51,180,166,14
2019-04-30 7:52,179,165,14
2019-04-30 7:53,178,165,13
2019-04-30 7:54,178,164,14
2019-04-30 7:55,177,164,13
2019-04-30 7:56,176,163,13
2019-04-30 7:57,175,163,12
2019-04-30 7:58,174,162,12
2019-04-30 7:59,173,162,11
2019-04-30 8:00,172,161,11
2019-04-30 8:01,172,161,11
2019-04-30 8:02,171,160,11
2019-04-30 8:03,170,160,10
2019-04-30 8:04,169,159,10
2019-04-30 8:05,168,159,9
2019-04-30 8:06,167,158,9
2019-04-30 8:07,167,158,9
2019-04-30 8:08,166,157,9
2019-04-30 8:09,165,157,8
2019-04-30 8:10,164,156,8
2019-04-30 8:11,163,156,7
2019-04-30 8:12,163,155,8
2019-04-30 8:13,161,155,6
2019-04-30 8:14,161,154,7
2019-04-30 8:15,160,154,6
2019-04-30 8:16,159,154,5
2019-04-30 8:17,158,153,5
2019-04-30 8:18,157,153,4
2019-04-30 8:19,156,152,4
2019-04-30 8:20,155,152,3
2019-04-30 8:21,155,152,3
2019-04-30 8:22,154,151,3
2019-04-30 8:23,153,151,2
2019-04-30 8:24,152,150,2
2019-04-30 8:25,151,150,1
2019-04-30 8:26,151,150,1
2019-04-30 8:27,150,149,1
2019-04-30 8:28,149,149,0
2019-04-30 8:29,148,149,-1
2019-04-30 8:30,148,148,0
2019-04-30 8:31,147,148,-1
2019-04-30 8:32,146,148,-2
2019-04-30 8:33,145,147,-2
2019-04-30 8:34,144,147,-3
2019-04-30 8:35,144,147,-3
2019-04-30 8:36,143,146,-3
2019-04-30 8:37,142,146,-4
2019-04-30 8:38,141,146,-5
2019-04-30 8:39,140,146,-6
2019-04-30 8:40,139,145,-6
2019-04-30 8:41,139,145,-6
2019-04-30 8:42,138,145,-7
2019-04-30 8:43,137,144,-7
2019-04-30 8:44,136,144,-8
2019-04-30 8:45,135,144,-9
2019-04-30 8:46,135,144,-9
2019-04-30 8:47,134,144,-10
2019-04-30 8:48,133,143,-10
2019-04-30 8:49,132,143,-11
2019-04-30 8:50,131,143,-12
2019-04-30 8:51,131,143,-12
2019-04-30 8:52,130,143,-13
2019-04-30 8:53,129,142,-13
2019-04-30 8:54,129,142,-13
2019-04-30 8:55,129,142,-13
2019-04-30 8:56,128,142,-14
2019-04-30 8:57,128,142,-14
2019-04-30 8:58,126,142,-16
2019-04-30 8:59,126,141,-15
2019-04-30 9:00,125,141,-16
2019-04-30 9:01,124,141,-17
2019-04-30 9:02,124,141,-17
2019-04-30 9:03,123,141,-18
2019-04-30 9:04,123,141,-18
2019-04-30 9:05,122,141,-19
2019-04-30 9:06,121,141,-20
2019-04-30 9:07,121,141,-20
2019-04-30 9:08,120,141,-21
2019-04-30 9:09,119,141,-22
2019-04-30 9:10,119,141,-22
2019-04-30 9:11,118,140,-22
2019-04-30 9:12,118,140,-22
2019-04-30 9:13,116,140,-24
2019-04-30 9:14,116,140,-24
2019-04-30 9:15,115,140,-25
2019-04-30 9:16,115,140,-25
2019-04-30 9:17,114,140,-26
2019-04-30 9:18,114,140,-26
2019-04-30 9:19,113,140,-27
2019-04-30 9:20,112,141,-29
2019-04-30 9:21,112,141,-29
2019-04-30 9:22,111,141,-30
2019-04-30 9:23,111,141,-30
2019-04-30 9:24,111,141,-30
2019-04-30 9:25,110,141,-31
2019-04-30 9:26,110,141,-31
2019-04-30 9:27,110,141,-31
2019-04-30 9:28,109,141,-32
2019-04-30 9:29,109,141,-32
2019-04-30 9:30,109,141,-32
2019-04-30 9:31,108,142,-34
2019-04-30 9:32,108,142,-34
2019-04-30 9:33,107,142,-35
2019-04-30 9:34,107,142,-35
2019-04-30 9:35,107,142,-35
2019-04-30 9:36,107,142,-35
2019-04-30 9:37,106,143,-37
2019-04-30 9:38,106,143,-37
2019-04-30 9:39,106,143,-37
2019-04-30 9:40,106,143,-37
2019-04-30 9:41,106,143,-37
2019-04-30 9:42,106,144,-38
2019-04-30 9:43,106,144,-38
2019-04-30 9:44,106,144,-38
2019-04-30 9:45,106,144,-38
2019-04-30 9:46,106,145,-39
2019-04-30 9:47,106,145,-39
2019-04-30 9:48,106,145,-39
2019-04-30 9:49,107,146,-39
2019-04-30 9:50,107,146,-39
2019-04-30 9:51,107,146,-39
2019-04-30 9:52,107,147,-40
2019-04-30 9:53,108,147,-39
2019-04-30 9:54,108,147,-39
2019-04-30 9:55,109,148,-39
2019-04-30 9:56,109,148,-39
2019-04-30 9:57,110,148,-38
2019-04-30 9:58,110,149,-39
2019-04-30 9:59,111,149,-38
2019-04-30 10:00,111,150,-39
2019-04-30 10:01,112,150,-38
2019-04-30 10:02,112,150,-38
2019-04-30 10:03,113,151,-38
2019-04-30 10:04,114,151,-37
2019-04-30 10:05,114,152,-38
2019-04-30 10:06,116,152,-36
2019-04-30 10:07,116,153,-37
2019-04-30 10:08,117,153,-36
2019-04-30 10:09,118,154,-36
2019-04-30 10:10,119,154,-35
2019-04-30 10:11,119,155,-36
2019-04-30 10:12,120,155,-35
2019-04-30 10:13,121,156,-35
2019-04-30 10:14,122,156,-34
2019-04-30 10:15,123,157,-34
2019-04-30 10:16,124,157,-33
2019-04-30 10:17,124,158,-34
2019-04-30 10:18,125,158,-33
2019-04-30 10:19,126,159,-33
2019-04-30 10:20,127,160,-33
2019-04-30 10:21,128,160,-32
2019-04-30 10:22,129,161,-32
2019-04-30 10:23,130,162,-32
2019-04-30 10:24,131,162,-31
2019-04-30 10:25,132,163,-31
2019-04-30 10:26,133,163,-30
2019-04-30 10:27,134,164,-30
2019-04-30 10:28,135,165,-30
2019-04-30 10:29,137,165,-28
2019-04-30 10:30,138,166,-28
2019-04-30 10:31,139,167,-28
2019-04-30 10:32,140,168,-28
2019-04-30 10:33,141,168,-27
2019-04-30 10:34,142,169,-27
2019-04-30 10:35,142,170,-28
2019-04-30 10:36,144,170,-26
2019-04-30 10:37,145,171,-26
2019-04-30 10:38,146,172,-26
2019-04-30 10:39,146,173,-27
2019-04-30 10:40,147,174,-27
2019-04-30 10:41,148,174,-26
2019-04-30 10:42,149,175,-26
2019-04-30 10:43,149,176,-27
2019-04-30 10:44,150,177,-27
2019-04-30 10:45,150,178,-28
2019-04-30 10:46,151,178,-27
2019-04-30 10:47,152,179,-27
2019-04-30 10:48,153,180,-27
2019-04-30 10:49,154,181,-27
2019-04-30 10:50,154,182,-28
2019-04-30 10:51,155,183,-28
2019-04-30 10:52,156,184,-28
2019-04-30 10:53,157,184,-27
2019-04-30 10:54,157,185,-28
2019-04-30 10:55,158,186,-28
2019-04-30 10:56,159,187,-28
2019-04-30 10:57,160,188,-28
2019-04-30 10:58,161,189,-28
2019-04-30 10:59,162,190,-28
2019-04-30 11:00,163,191,-28
2019-04-30 11:01,164,192,-28
2019-04-30 11:02,165,193,-28
2019-04-30 11:03,166,194,-28
2019-04-30 11:04,167,195,-28
2019-04-30 11:05,168,196,-28
2019-04-30 11:06,169,197,-28
2019-04-30 11:07,170,198,-28
2019-04-30 11:08,170,199,-29
2019-04-30 11:09,171,200,-29
2019-04-30 11:10,173,201,-28
2019-04-30 11:11,174,202,-28
2019-04-30 11:12,175,203,-28
2019-04-30 11:13,176,204,-28
2019-04-30 11:14,177,205,-28
2019-04-30 11:15,179,206,-27
2019-04-30 11:16,180,207,-27
2019-04-30 11:17,181,208,-27
2019-04-30 11:18,183,209,-26
2019-04-30 11:19,184,210,-26
2019-04-30 11:20,186,211,-25
2019-04-30 11:21,187,213,-26
2019-04-30 11:22,188,214,-26
2019-04-30 11:23,190,215,-25
2019-04-30 11:24,192,216,-24
2019-04-30 11:25,193,217,-24
2019-04-30 11:26,195,218,-23
2019-04-30 11:27,197,219,-22
2019-04-30 11:28,198,220,-22
2019-04-30 11:29,200,222,-22
2019-04-30 11:30,201,223,-22
2019-04-30 11:31,203,224,-21
2019-04-30 11:32,205,225,-20
2019-04-30 11:33,207,226,-19
2019-04-30 11:34,208,227,-19
2019-04-30 11:35,210,229,-19
2019-04-30 11:36,212,230,-18
2019-04-30 11:37,213,231,-18
2019-04-30 11:38,215,232,-17
2019-04-30 11:39,217,233,-16
2019-04-30 11:40,219,235,-16
2019-04-30 11:41,220,236,-16
2019-04-30 11:42,222,237,-15
2019-04-30 11:43,224,238,-14
2019-04-30 11:44,225,240,-15
2019-04-30 11:45,227,241,-14
2019-04-30 11:46,228,242,-14
2019-04-30 11:47,230,243,-13
2019-04-30 11:48,232,245,-13
2019-04-30 11:49,233,246,-13
2019-04-30 11:50,235,247,-12
2019-04-30 11:51,237,248,-11
2019-04-30 11:52,239,250,-11
2019-04-30 11:53,240,251,-11
2019-04-30 11:54,242,252,-10
2019-04-30 11:55,243,254,-11
2019-04-30 11:56,245,255,-10
2019-04-30 11:57,246,256,-10
2019-04-30 11:58,248,258,-10
2019-04-30 11:59,249,259,-10
2019-04-30 12:00,251,260,-9
2019-04-30 12:01,253,262,-9
2019-04-30 12:02,254,263,-9
2019-04-30 12:03,256,264,-8
2019-04-30 12:04,258,266,-8
2019-04-30 12:05,260,267,-7
2019-04-30 12:06,261,268,-7
2019-04-30 12:07,263,270,-7
2019-04-30 12:08,264,271,-7
2019-04-30 12:09,266,272,-6
2019-04-30 12:10,268,274,-6
2019-04-30 12:11,269,275,-6
2019-04-30 12:12,271,276,-5
2019-04-30 12:13,273,278,-5
2019-04-30 12:14,275,279,-4
2019-04-30 12:15,277,281,-4
2019-04-30 12:16,279,282,-3
2019-04-30 12:17,280,283,-3
2019-04-30 12:18,282,285,-3
2019-04-30 12:19,284,286,-2
2019-04-30 12:20,285,288,-3
2019-04-30 12:21,287,289,-2
2019-04-30 12:22,289,290,-1
2019-04-30 12:23,291,292,-1
2019-04-30 12:24,293,293,0
2019-04-30 12:25,295,295,0
2019-04-30 12:26,297,296,1
2019-04-30 12:27,298,297,1
2019-04-30 12:28,300,299,1
2019-04-30 12:29,302,300,2
2019-04-30 12:30,304,302,2
2019-04-30 12:31,306,303,3
2019-04-30 12:32,308,305,3
2019-04-30 12:33,309,306,3
2019-04-30 12:34,311,307,4
2019-04-30 12:35,313,309,4
2019-04-30 12:36,315,310,5
2019-04-30 12:37,317,312,5
2019-04-30 12:38,318,313,5
2019-04-30 12:39,320,315,5
2019-04-30 12:40,321,316,5
2019-04-30 12:41,323,318,5
2019-04-30 12:42,325,319,6
2019-04-30 12:43,326,320,6
2019-04-30 12:44,328,322,6
2019-04-30 12:45,330,323,7
2019-04-30 12:46,332,325,7
2019-04-30 12:47,333,326,7
2019-04-30 12:48,335,328,7
2019-04-30 12:49,337,329,8
2019-04-30 12:50,338,331,7
2019-04-30 12:51,340,332,8
2019-04-30 12:52,342,334,8
2019-04-30 12:53,343,335,8
2019-04-30 12:54,345,336,9
2019-04-30 12:55,346,338,8
2019-04-30 12:56,348,339,9
2019-04-30 12:57,350,341,9
2019-04-30 12:58,352,342,10
2019-04-30 12:59,353,344,9
2019-04-30 13:00,355,345,10
2019-04-30 13:01,356,347,9
2019-04-30 13:02,358,348,10
2019-04-30 13:03,360,350,10
2019-04-30 13:04,361,351,10
2019-04-30 13:05,363,352,11
2019-04-30 13:06,365,354,11
2019-04-30 13:07,366,355,11
2019-04-30 13:08,368,357,11
2019-04-30 13:09,370,358,12
2019-04-30 13:10,371,360,11
2019-04-30 13:11,373,361,12
2019-04-30 13:12,374,363,11
2019-04-30 13:13,376,364,12
2019-04-30 13:14,377,366,11
2019-04-30 13:15,379,367,12
2019-04-30 13:16,381,368,13
2019-04-30 13:17,383,370,13
2019-04-30 13:18,384,371,13
2019-04-30 13:19,386,373,13
2019-04-30 13:20,388,374,14
2019-04-30 13:21,389,376,13
2019-04-30 13:22,391,377,14
2019-04-30 13:23,392,379,13
2019-04-30 13:24,394,380,14
2019-04-30 13:25,395,381,14
2019-04-30 13:26,397,383,14
2019-04-30 13:27,398,384,14
2019-04-30 13:28,400,386,14
2019-04-30 13:29,402,387,15
2019-04-30 13:30,404,388,16
2019-04-30 13:31,405,390,15
2019-04-30 13:32,407,391,16
2019-04-30 13:33,409,393,16
2019-04-30 13:34,410,394,16
2019-04-30 13:35,412,395,17
2019-04-30 13:36,413,397,16
2019-04-30 13:37,415,398,17
2019-04-30 13:38,416,399,17
2019-04-30 13:39,418,401,17
2019-04-30 13:40,419,402,17
2019-04-30 13:41,421,404,17
2019-04-30 13:42,422,405,17
2019-04-30 13:43,424,406,18
2019-04-30 13:44,426,408,18
2019-04-30 13:45,427,409,18
2019-04-30 13:46,429,410,19
2019-04-30 13:47,430,412,18
2019-04-30 13:48,431,413,18
2019-04-30 13:49,433,414,19
2019-04-30 13:50,434,416,18
2019-04-30 13:51,436,417,19
2019-04-30 13:52,437,418,19
2019-04-30 13:53,439,419,20
2019-04-30 13:54,441,421,20
2019-04-30 13:55,442,422,20
2019-04-30 13:56,444,423,21
2019-04-30 13:57,445,424,21
2019-04-30 13:58,447,426,21
2019-04-30 13:59,448,427,21
2019-04-30 14:00,449,428,21
2019-04-30 14:01,451,429,22
2019-04-30 14:02,452,431,21
2019-04-30 14:03,453,432,21
2019-04-30 14:04,455,433,22
2019-04-30 14:05,456,434,22
2019-04-30 14:06,458,435,23
2019-04-30 14:07,459,437,22
2019-04-30 14:08,461,438,23
2019-04-30 14:09,462,439,23
2019-04-30 14:10,463,440,23
2019-04-30 14:11,465,441,24
2019-04-30 14:12,466,442,24
2019-04-30 14:13,467,443,24
2019-04-30 14:14,468,445,23
2019-04-30 14:15,469,446,23
2019-04-30 14:16,471,447,24
2019-04-30 14:17,472,448,24
2019-04-30 14:18,473,449,24
2019-04-30 14:19,475,450,25
2019-04-30 14:20,476,451,25
2019-04-30 14:21,477,452,25
2019-04-30 14:22,478,453,25
2019-04-30 14:23,479,454,25
2019-04-30 14:24,481,455,26
2019-04-30 14:25,482,456,26
2019-04-30 14:26,483,457,26
2019-04-30 14:27,484,458,26
2019-04-30 14:28,485,459,26
2019-04-30 14:29,486,460,26
2019-04-30 14:30,488,461,27
2019-04-30 14:31,488,462,26
2019-04-30 14:32,490,463,27
2019-04-30 14:33,491,464,27
2019-04-30 14:34,492,465,27
2019-04-30 14:35,493,465,28
2019-04-30 14:36,494,466,28
2019-04-30 14:37,495,467,28
2019-04-30 14:38,496,468,28
2019-04-30 14:39,497,469,28
2019-04-30 14:40,498,470,28
2019-04-30 14:41,499,470,29
2019-04-30 14:42,500,471,29
2019-04-30 14:43,501,472,29
2019-04-30 14:44,502,473,29
2019-04-30 14:45,503,473,30
2019-04-30 14:46,504,474,30
2019-04-30 14:47,505,475,30
2019-04-30 14:48,505,476,29
2019-04-30 14:49,506,476,30
2019-04-30 14:50,507,477,30
2019-04-30 14:51,508,478,30
2019-04-30 14:52,509,478,31
2019-04-30 14:53,510,479,31
2019-04-30 14:54,511,480,31
2019-04-30 14:55,511,480,31
2019-04-30 14:56,512,481,31
2019-04-30 14:57,512,481,31
2019-04-30 14:58,513,482,31
2019-04-30 14:59,513,482,31
2019-04-30 15:00,514,483,31
2019-04-30 15:01,515,483,32
2019-04-30 15:02,516,484,32
2019-04-30 15:03,516,484,32
2019-04-30 15:04,517,485,32
2019-04-30 15:05,517,485,32
2019-04-30 15:06,518,486,32
2019-04-30 15:07,518,486,32
2019-04-30 15:08,519,487,32
2019-04-30 15:09,519,487,32
2019-04-30 15:10,520,487,33
2019-04-30 15:11,520,488,32
2019-04-30 15:12,520,488,32
2019-04-30 15:13,521,488,33
2019-04-30 15:14,521,489,32
2019-04-30 15:15,521,489,32
2019-04-30 15:16,521,489,32
2019-04-30 15:17,522,489,33
2019-04-30 15:18,522,490,32
2019-04-30 15:19,522,490,32
2019-04-30 15:20,522,490,32
2019-04-30 15:21,522,490,32
2019-04-30 15:22,522,490,32
2019-04-30 15:23,522,491,31
2019-04-30 15:24,522,491,31
2019-04-30 15:25,522,491,31
2019-04-30 15:26,523,491,32
2019-04-30 15:27,523,491,32
2019-04-30 15:28,523,491,32
2019-04-30 15:29,523,491,32
2019-04-30 15:30,523,491,32
2019-04-30 15:31,523,491,32
2019-04-30 15:32,523,491,32
2019-04-30 15:33,523,491,32
2019-04-30 15:34,523,491,32
2019-04-30 15:35,523,491,32
2019-04-30 15:36,523,491,32
2019-04-30 15:37,523,491,32
2019-04-30 15:38,523,491,32
2019-04-30 15:39,522,491,31
2019-04-30 15:40,522,491,31
2019-04-30 15:41,522,490,32
2019-04-30 15:42,521,490,31
2019-04-30 15:43,521,490,31
2019-04-30 15:44,521,490,31
2019-04-30 15:45,521,490,31
2019-04-30 15:46,520,489,31
2019-04-30 15:47,520,489,31
2019-04-30 15:48,519,489,30
2019-04-30 15:49,518,489,29
2019-04-30 15:50,518,488,30
2019-04-30 15:51,517,488,29
2019-04-30 15:52,517,488,29
2019-04-30 15:53,516,487,29
2019-04-30 15:54,516,487,29
2019-04-30 15:55,515,487,28
2019-04-30 15:56,514,486,28
2019-04-30 15:57,513,486,27
2019-04-30 15:58,513,485,28
2019-04-30 15:59,512,485,27
2019-04-30 16:00,511,484,27
2019-04-30 16:01,510,484,26
2019-04-30 16:02,510,483,27
2019-04-30 16:03,509,483,26
2019-04-30 16:04,508,482,26
2019-04-30 16:05,508,482,26
2019-04-30 16:06,507,481,26
2019-04-30 16:07,506,481,25
2019-04-30 16:08,505,480,25
2019-04-30 16:09,505,480,25
2019-04-30 16:10,504,479,25
2019-04-30 16:11,503,478,25
2019-04-30 16:12,502,478,24
2019-04-30 16:13,501,477,24
2019-04-30 16:14,501,476,25
2019-04-30 16:15,500,476,24
2019-04-30 16:16,499,475,24
2019-04-30 16:17,498,474,24
2019-04-30 16:18,497,474,23
2019-04-30 16:19,496,473,23
2019-04-30 16:20,495,472,23
2019-04-30 16:21,494,471,23
2019-04-30 16:22,493,470,23
2019-04-30 16:23,492,470,22
2019-04-30 16:24,491,469,22
2019-04-30 16:25,491,468,23
2019-04-30 16:26,490,467,23
2019-04-30 16:27,489,466,23
2019-04-30 16:28,488,465,23
2019-04-30 16:29,487,465,22
2019-04-30 16:30,486,464,22
2019-04-30 16:31,485,463,22
2019-04-30 16:32,484,462,22
2019-04-30 16:33,483,461,22
2019-04-30 16:34,482,460,22
2019-04-30 16:35,481,459,22
2019-04-30 16:36,479,458,21
2019-04-30 16:37,478,457,21
2019-04-30 16:38,477,456,21
2019-04-30 16:39,476,455,21
2019-04-30 16:40,475,454,21
2019-04-30 16:41,475,453,22
2019-04-30 16:42,473,452,21
2019-04-30 16:43,472,451,21
2019-04-30 16:44,471,450,21
2019-04-30 16:45,470,449,21
2019-04-30 16:46,469,448,21
2019-04-30 16:47,468,447,21
2019-04-30 16:48,467,446,21
2019-04-30 16:49,466,445,21
2019-04-30 16:50,465,444,21
2019-04-30 16:51,464,442,22
2019-04-30 16:52,463,441,22
2019-04-30 16:53,462,440,22
2019-04-30 16:54,461,439,22
2019-04-30 16:55,460,438,22
2019-04-30 16:56,458,437,21
2019-04-30 16:57,457,436,21
2019-04-30 16:58,456,434,22
2019-04-30 16:59,455,433,22
2019-04-30 17:00,454,432,22
2019-04-30 17:01,453,431,22
2019-04-30 17:02,452,430,22
2019-04-30 17:03,450,428,22
2019-04-30 17:04,449,427,22
2019-04-30 17:05,448,426,22
2019-04-30 17:06,447,425,22
2019-04-30 17:07,446,423,23
2019-04-30 17:08,445,422,23
2019-04-30 17:09,443,421,22
2019-04-30 17:10,442,420,22
2019-04-30 17:11,441,418,23
2019-04-30 17:12,439,417,22
2019-04-30 17:13,438,416,22
2019-04-30 17:14,437,415,22
2019-04-30 17:15,436,413,23
2019-04-30 17:16,434,412,22
2019-04-30 17:17,433,411,22
2019-04-30 17:18,432,409,23
2019-04-30 17:19,431,408,23
2019-04-30 17:20,429,407,22
2019-04-30 17:21,428,405,23
2019-04-30 17:22,427,404,23
2019-04-30 17:23,426,403,23
2019-04-30 17:24,425,401,24
2019-04-30 17:25,423,400,23
2019-04-30 17:26,422,399,23
2019-04-30 17:27,421,397,24
2019-04-30 17:28,420,396,24
2019-04-30 17:29,418,395,23
2019-04-30 17:30,417,393,24
2019-04-30 17:31,416,392,24
2019-04-30 17:32,414,391,23
2019-04-30 17:33,413,389,24
2019-04-30 17:34,412,388,24
2019-04-30 17:35,411,387,24
2019-04-30 17:36,410,385,25
2019-04-30 17:37,409,384,25
2019-04-30 17:38,408,383,25
2019-04-30 17:39,406,381,25
2019-04-30 17:40,405,380,25
2019-04-30 17:41,404,378,26
2019-04-30 17:42,402,377,25
2019-04-30 17:43,401,376,25
2019-04-30 17:44,400,374,26
2019-04-30 17:45,399,373,26
2019-04-30 17:46,397,372,25
2019-04-30 17:47,396,370,26
2019-04-30 17:48,395,369,26
2019-04-30 17:49,394,367,27
2019-04-30 17:50,393,366,27
2019-04-30 17:51,392,365,27
2019-04-30 17:52,390,363,27
2019-04-30 17:53,389,362,27
2019-04-30 17:54,388,361,27
2019-04-30 17:55,386,359,27
2019-04-30 17:56,385,358,27
2019-04-30 17:57,383,356,27
2019-04-30 17:58,382,355,27
2019-04-30 17:59,381,354,27
2019-04-30 18:00,380,352,28
2019-04-30 18:01,378,351,27
2019-04-30 18:02,377,350,27
2019-04-30 18:03,375,348,27
2019-04-30 18:04,374,347,27
2019-04-30 18:05,373,345,28
2019-04-30 18:06,372,344,28
2019-04-30 18:07,371,343,28
2019-04-30 18:08,369,341,28
2019-04-30 18:09,368,340,28
2019-04-30 18:10,367,339,28
2019-04-30 18:11,365,337,28
2019-04-30 18:12,364,336,28
2019-04-30 18:13,363,335,28
2019-04-30 18:14,361,333,28
2019-04-30 18:15,360,332,28
2019-04-30 18:16,359,331,28
2019-04-30 18:17,358,329,29
2019-04-30 18:18,357,328,29
2019-04-30 18:19,355,327,28
2019-04-30 18:20,354,325,29
2019-04-30 18:21,353,324,29
2019-04-30 18:22,352,323,29
2019-04-30 18:23,351,321,30
2019-04-30 18:24,350,320,30
2019-04-30 18:25,348,319,29
2019-04-30 18:26,347,317,30
2019-04-30 18:27,346,316,30
2019-04-30 18:28,344,315,29
2019-04-30 18:29,343,313,30
2019-04-30 18:30,342,312,30
2019-04-30 18:31,341,311,30
2019-04-30 18:32,340,309,31
2019-04-30 18:33,338,308,30
2019-04-30 18:34,337,307,30
2019-04-30 18:35,336,305,31
2019-04-30 18:36,335,304,31
2019-04-30 18:37,334,303,31
2019-04-30 18:38,333,302,31
2019-04-30 18:39,331,300,31
2019-04-30 18:40,330,299,31
2019-04-30 18:41,329,298,31
2019-04-30 18:42,327,297,30
2019-04-30 18:43,326,295,31
2019-04-30 18:44,325,294,31
2019-04-30 18:45,324,293,31
2019-04-30 18:46,322,291,31
2019-04-30 18:47,321,290,31
2019-04-30 18:48,320,289,31
2019-04-30 18:49,319,288,31
2019-04-30 18:50,318,286,32
2019-04-30 18:51,317,285,32
2019-04-30 18:52,316,284,32
2019-04-30 18:53,314,283,31
2019-04-30 18:54,313,282,31
2019-04-30 18:55,312,280,32
2019-04-30 18:56,311,279,32
2019-04-30 18:57,309,278,31
2019-04-30 18:58,308,277,31
2019-04-30 18:59,307,275,32
2019-04-30 19:00,306,274,32
2019-04-30 19:01,304,273,31
2019-04-30 19:02,303,272,31
2019-04-30 19:03,302,271,31
2019-04-30 19:04,301,269,32
2019-04-30 19:05,300,268,32
2019-04-30 19:06,298,267,31
2019-04-30 19:07,297,266,31
2019-04-30 19:08,296,265,31
2019-04-30 19:09,295,264,31
2019-04-30 19:10,294,262,32
2019-04-30 19:11,292,261,31
2019-04-30 19:12,291,260,31
2019-04-30 19:13,290,259,31
2019-04-30 19:14,289,258,31
2019-04-30 19:15,288,257,31
2019-04-30 19:16,287,255,32
2019-04-30 19:17,285,254,31
2019-04-30 19:18,284,253,31
2019-04-30 19:19,283,252,31
2019-04-30 19:20,282,251,31
2019-04-30 19:21,281,250,31
2019-04-30 19:22,280,249,31
2019-04-30 19:23,279,247,32
2019-04-30 19:24,277,246,31
2019-04-30 19:25,276,245,31
2019-04-30 19:26,275,244,31
2019-04-30 19:27,274,243,31
2019-04-30 19:28,273,242,31
2019-04-30 19:29,271,241,30
2019-04-30 19:30,270,240,30
2019-04-30 19:31,269,239,30
2019-04-30 19:32,268,237,31
2019-04-30 19:33,267,236,31
2019-04-30 19:34,266,235,31
2019-04-30 19:35,265,234,31
2019-04-30 19:36,263,233,30
2019-04-30 19:37,262,232,30
2019-04-30 19:38,261,231,30
2019-04-30 19:39,260,230,30
2019-04-30 19:40,259,229,30
2019-04-30 19:41,258,228,30
2019-04-30 19:42,257,227,30
2019-04-30 19:43,256,226,30
2019-04-30 19:44,255,225,30
2019-04-30 19:45,254,224,30
2019-04-30 19:46,252,222,30
2019-04-30 19:47,251,221,30
2019-04-30 19:48,250,220,30
2019-04-30 19:49,249,219,30
2019-04-30 19:50,248,218,30
2019-04-30 19:51,247,217,30
2019-04-30 19:52,246,216,30
2019-04-30 19:53,245,215,30
2019-04-30 19:54,244,214,30
2019-04-30 19:55,243,213,30
2019-04-30 19:56,242,212,30
2019-04-30 19:57,241,211,30
2019-04-30 19:58,240,210,30
2019-04-30 19:59,239,209,30
2019-04-30 20:00,238,208,30
2019-04-30 20:01,237,207,30
2019-04-30 20:02,236,206,30
2019-04-30 20:03,234,205,29
2019-04-30 20:04,233,204,29
2019-04-30 20:05,232,203,29
2019-04-30 20:06,231,202,29
2019-04-30 20:07,230,201,29
2019-04-30 20:08,229,200,29
2019-04-30 20:09,228,199,29
2019-04-30 20:10,227,198,29
2019-04-30 20:11,226,197,29
2019-04-30 20:12,225,196,29
2019-04-30 20:13,224,196,28
2019-04-30 20:14,223,195,28
2019-04-30 20:15,222,194,28
2019-04-30 20:16,221,193,28
2019-04-30 20:17,220,192,28
2019-04-30 20:18,219,191,28
2019-04-30 20:19,218,190,28
2019-04-30 20:20,217,189,28
2019-04-30 20:21,216,188,28
2019-04-30 20:22,215,187,28
2019-04-30 20:23,214,186,28
2019-04-30 20:24,213,185,28
2019-04-30 20:25,212,184,28
2019-04-30 20:26,211,184,27
2019-04-30 20:27,210,183,27
2019-04-30 20:28,209,182,27
2019-04-30 20:29,208,181,27
2019-04-30 20:30,207,180,27
2019-04-30 20:31,206,179,27
2019-04-30 20:32,205,178,27
2019-04-30 20:33,204,177,27
2019-04-30 20:34,203,177,26
2019-04-30 20:35,202,176,26
2019-04-30 20:36,201,175,26
2019-04-30 20:37,200,174,26
2019-04-30 20:38,199,173,26
2019-04-30 20:39,198,172,26
2019-04-30 20:40,197,172,25
2019-04-30 20:41,196,171,25
2019-04-30 20:42,195,170,25
2019-04-30 20:43,194,169,25
2019-04-30 20:44,193,168,25
2019-04-30 20:45,192,167,25
2019-04-30 20:46,191,167,24
2019-04-30 20:47,191,166,25
2019-04-30 20:48,190,165,25
2019-04-30 20:49,189,164,25
2019-04-30 20:50,188,164,24
2019-04-30 20:51,187,163,24
2019-04-30 20:52,186,162,24
2019-04-30 20:53,185,161,24
2019-04-30 20:54,184,161,23
2019-04-30 20:55,184,160,24
2019-04-30 20:56,183,159,24
2019-04-30 20:57,182,158,24
2019-04-30 20:58,181,158,23
2019-04-30 20:59,180,157,23
2019-04-30 21:00,179,156,23
2019-04-30 21:01,178,155,23
2019-04-30 21:02,177,155,22
2019-04-30 21:03,176,154,22
2019-04-30 21:04,175,153,22
2019-04-30 21:05,174,153,21
2019-04-30 21:06,173,152,21
2019-04-30 21:07,172,151,21
2019-04-30 21:08,172,151,21
2019-04-30 21:09,171,150,21
2019-04-30 21:10,170,149,21
2019-04-30 21:11,169,149,20
2019-04-30 21:12,168,148,20
2019-04-30 21:13,167,148,19
2019-04-30 21:14,167,147,20
2019-04-30 21:15,166,146,20
2019-04-30 21:16,165,146,19
2019-04-30 21:17,164,145,19
2019-04-30 21:18,163,145,18
2019-04-30 21:19,163,144,19
2019-04-30 21:20,161,143,18
2019-04-30 21:21,161,143,18
2019-04-30 21:22,159,142,17
2019-04-30 21:23,159,142,17
2019-04-30 21:24,158,141,17
2019-04-30 21:25,157,141,16
2019-04-30 21:26,156,140,16
2019-04-30 21:27,156,140,16
2019-04-30 21:28,155,139,16
2019-04-30 21:29,154,139,15
2019-04-30 21:30,153,138,15
2019-04-30 21:31,152,138,14
2019-04-30 21:32,151,137,14
2019-04-30 21:33,151,137,14
2019-04-30 21:34,150,136,14
2019-04-30 21:35,149,136,13
2019-04-30 21:36,148,136,12
2019-04-30 21:37,148,135,13
2019-04-30 21:38,147,135,12
2019-04-30 21:39,146,134,12
2019-04-30 21:40,146,134,12
2019-04-30 21:41,145,134,11
2019-04-30 21:42,144,133,11
2019-04-30 21:43,143,133,10
2019-04-30 21:44,142,133,9
2019-04-30 21:45,142,132,10
2019-04-30 21:46,141,132,9
2019-04-30 21:47,140,132,8
2019-04-30 21:48,139,131,8
2019-04-30 21:49,138,131,7
2019-04-30 21:50,138,131,7
2019-04-30 21:51,137,130,7
2019-04-30 21:52,136,130,6
2019-04-30 21:53,135,130,5
2019-04-30 21:54,135,130,5
2019-04-30 21:55,134,129,5
2019-04-30 21:56,133,129,4
2019-04-30 21:57,133,129,4
2019-04-30 21:58,132,129,3
2019-04-30 21:59,132,128,4
2019-04-30 22:00,131,128,3
2019-04-30 22:01,130,128,2
2019-04-30 22:02,130,128,2
2019-04-30 22:03,129,128,1
2019-04-30 22:04,129,128,1
2019-04-30 22:05,128,128,0
2019-04-30 22:06,128,127,1
2019-04-30 22:07,127,127,0
2019-04-30 22:08,126,127,-1
2019-04-30 22:09,126,127,-1
2019-04-30 22:10,125,127,-2
2019-04-30 22:11,124,127,-3
2019-04-30 22:12,124,127,-3
2019-04-30 22:13,123,127,-4
2019-04-30 22:14,123,127,-4
2019-04-30 22:15,122,127,-5
2019-04-30 22:16,121,127,-6
2019-04-30 22:17,121,127,-6
2019-04-30 22:18,121,127,-6
2019-04-30 22:19,120,127,-7
2019-04-30 22:20,120,127,-7
2019-04-30 22:21,119,127,-8
2019-04-30 22:22,119,127,-8
2019-04-30 22:23,118,127,-9
2019-04-30 22:24,118,127,-9
2019-04-30 22:25,118,127,-9
2019-04-30 22:26,118,127,-9
2019-04-30 22:27,117,128,-11
2019-04-30 22:28,117,128,-11
2019-04-30 22:29,116,128,-12
2019-04-30 22:30,116,128,-12
2019-04-30 22:31,116,128,-12
2019-04-30 22:32,116,128,-12
2019-04-30 22:33,116,129,-13
2019-04-30 22:34,115,129,-14
2019-04-30 22:35,115,129,-14
2019-04-30 22:36,115,129,-14
2019-04-30 22:37,115,129,-14
2019-04-30 22:38,115,130,-15
2019-04-30 22:39,115,130,-15
2019-04-30 22:40,115,130,-15
2019-04-30 22:41,115,131,-16
2019-04-30 22:42,116,131,-15
2019-04-30 22:43,116,131,-15
2019-04-30 22:44,116,131,-15
2019-04-30 22:45,116,132,-16
2019-04-30 22:46,116,132,-16
2019-04-30 22:47,117,133,-16
2019-04-30 22:48,117,133,-16
2019-04-30 22:49,118,133,-15
2019-04-30 22:50,118,134,-16
2019-04-30 22:51,119,134,-15
2019-04-30 22:52,119,134,-15
2019-04-30 22:53,120,135,-15
2019-04-30 22:54,121,135,-14
2019-04-30 22:55,122,136,-14
2019-04-30 22:56,123,136,-13
2019-04-30 22:57,124,137,-13
2019-04-30 22:58,124,137,-13
2019-04-30 22:59,126,138,-12
2019-04-30 23:00,126,138,-12
2019-04-30 23:01,128,139,-11
2019-04-30 23:02,129,139,-10
2019-04-30 23:03,130,140,-10
2019-04-30 23:04,131,140,-9
2019-04-30 23:05,132,141,-9
2019-04-30 23:06,133,142,-9
2019-04-30 23:07,134,142,-8
2019-04-30 23:08,135,143,-8
2019-04-30 23:09,137,143,-6
2019-04-30 23:10,138,144,-6
2019-04-30 23:11,139,145,-6
2019-04-30 23:12,141,145,-4
2019-04-30 23:13,142,146,-4
2019-04-30 23:14,143,147,-4
2019-04-30 23:15,145,147,-2
2019-04-30 23:16,146,148,-2
2019-04-30 23:17,147,149,-2
2019-04-30 23:18,148,149,-1
2019-04-30 23:19,150,150,0
2019-04-30 23:20,151,151,0
2019-04-30 23:21,152,152,0
2019-04-30 23:22,153,152,1
2019-04-30 23:23,154,153,1
2019-04-30 23:24,155,154,1
2019-04-30 23:25,156,155,1
2019-04-30 23:26,157,156,1
2019-04-30 23:27,158,156,2
2019-04-30 23:28,159,157,2
2019-04-30 23:29,160,158,2
2019-04-30 23:30,161,159,2
2019-04-30 23:31,163,160,3
2019-04-30 23:32,163,161,2
2019-04-30 23:33,164,162,2
2019-04-30 23:34,165,162,3
2019-04-30 23:35,166,163,3
2019-04-30 23:36,166,164,2
2019-04-30 23:37,167,165,2
2019-04-30 23:38,168,166,2
2019-04-30 23:39,169,167,2
2019-04-30 23:40,169,168,1
2019-04-30 23:41,170,169,1
2019-04-30 23:42,171,170,1
2019-04-30 23:43,171,171,0
2019-04-30 23:44,172,172,0
2019-04-30 23:45,173,173,0
2019-04-30 23:46,173,174,-1
2019-04-30 23:47,174,175,-1
2019-04-30 23:48,175,176,-1
2019-04-30 23:49,175,177,-2
2019-04-30 23:50,176,178,-2
2019-04-30 23:51,177,179,-2
2019-04-30 23:52,178,180,-2
2019-04-30 23:53,179,181,-2
2019-04-30 23:54,180,182,-2
2019-04-30 23:55,181,184,-3
2019-04-30 23:56,182,185,-3
2019-04-30 23:57,183,186,-3
2019-04-30 23:58,184,187,-3
2019-04-30 23:59,185,188,-3
2019-05-01 0:00,-,189,-
