관측시간,실측조위(Cm),예측조위(Cm),잔차(Cm)
2021-04-29 0:00,228,222,6
2021-04-29 0:01,227,220,7
2021-04-29 0:02,226,219,7
2021-04-29 0:03,225,218,7
2021-04-29 0:04,224,216,8
2021-04-29 0:05,223,215,8
2021-04-29 0:06,222,213,9
2021-04-29 0:07,221,212,9
2021-04-29 0:08,219,210,9
2021-04-29 0:09,218,209,9
2021-04-29 0:10,217,208,9
2021-04-29 0:11,215,206,9
2021-04-29 0:12,214,205,9
2021-04-29 0:13,213,203,10
2021-04-29 0:14,212,202,10
2021-04-29 0:15,211,200,11
2021-04-29 0:16,209,199,10
2021-04-29 0:17,208,198,10
2021-04-29 0:18,207,196,11
2021-04-29 0:19,206,195,11
2021-04-29 0:20,205,193,12
2021-04-29 0:21,204,192,12
2021-04-29 0:22,203,190,13
2021-04-29 0:23,202,189,13
2021-04-29 0:24,201,187,14
2021-04-29 0:25,200,186,14
2021-04-29 0:26,199,185,14
2021-04-29 0:27,197,183,14
2021-04-29 0:28,196,182,14
2021-04-29 0:29,195,180,15
2021-04-29 0:30,194,179,15
2021-04-29 0:31,193,177,16
2021-04-29 0:32,192,176,16
2021-04-29 0:33,191,175,16
2021-04-29 0:34,189,173,16
2021-04-29 0:35,188,172,16
2021-04-29 0:36,187,170,17
2021-04-29 0:37,186,169,17
2021-04-29 0:38,185,168,17
2021-04-29 0:39,184,166,18
2021-04-29 0:40,183,165,18
2021-04-29 0:41,182,163,19
2021-04-29 0:42,181,162,19
2021-04-29 0:43,180,161,19
2021-04-29 0:44,179,159,20
2021-04-29 0:45,177,158,19
2021-04-29 0:46,176,157,19
2021-04-29 0:47,175,155,20
2021-04-29 0:48,174,154,20
2021-04-29 0:49,173,153,20
2021-04-29 0:50,172,151,21
2021-04-29 0:51,171,150,21
2021-04-29 0:52,170,149,21
2021-04-29 0:53,169,147,22
2021-04-29 0:54,168,146,22
2021-04-29 0:55,167,145,22
2021-04-29 0:56,166,143,23
2021-04-29 0:57,165,142,23
2021-04-29 0:58,164,141,23
2021-04-29 0:59,163,140,23
2021-04-29 1:00,162,138,24
2021-04-29 1:01,161,137,24
2021-04-29 1:02,160,136,24
2021-04-29 1:03,159,135,24
2021-04-29 1:04,158,133,25
2021-04-29 1:05,157,132,25
2021-04-29 1:06,156,131,25
2021-04-29 1:07,155,130,25
2021-04-29 1:08,154,129,25
2021-04-29 1:09,153,127,26
2021-04-29 1:10,152,126,26
2021-04-29 1:11,151,125,26
2021-04-29 1:12,150,124,26
2021-04-29 1:13,149,123,26
2021-04-29 1:14,148,122,26
2021-04-29 1:15,147,121,26
2021-04-29 1:16,146,119,27
2021-04-29 1:17,145,118,27
2021-04-29 1:18,144,117,27
2021-04-29 1:19,143,116,27
2021-04-29 1:20,142,115,27
2021-04-29 1:21,141,114,27
2021-04-29 1:22,140,113,27
2021-04-29 1:23,139,112,27
2021-04-29 1:24,138,111,27
2021-04-29 1:25,136,110,26
2021-04-29 1:26,135,109,26
2021-04-29 1:27,135,108,27
2021-04-29 1:28,133,107,26
2021-04-29 1:29,133,106,27
2021-04-29 1:30,132,105,27
2021-04-29 1:31,131,104,27
2021-04-29 1:32,130,104,26
2021-04-29 1:33,129,103,26
2021-04-29 1:34,128,102,26
2021-04-29 1:35,127,101,26
2021-04-29 1:36,127,100,27
2021-04-29 1:37,126,99,27
2021-04-29 1:38,125,98,27
2021-04-29 1:39,124,98,26
2021-04-29 1:40,123,97,26
2021-04-29 1:41,122,96,26
2021-04-29 1:42,121,95,26
2021-04-29 1:43,120,95,25
2021-04-29 1:44,119,94,25
2021-04-29 1:45,118,93,25
2021-04-29 1:46,117,93,24
2021-04-29 1:47,116,92,24
2021-04-29 1:48,115,91,24
2021-04-29 1:49,114,91,23
2021-04-29 1:50,113,90,23
2021-04-29 1:51,112,89,23
2021-04-29 1:52,112,89,23
2021-04-29 1:53,111,88,23
2021-04-29 1:54,110,88,22
2021-04-29 1:55,109,87,22
2021-04-29 1:56,108,87,21
2021-04-29 1:57,107,86,21
2021-04-29 1:58,106,86,20
2021-04-29 1:59,105,85,20
2021-04-29 2:00,104,85,19
2021-04-29 2:01,103,84,19
2021-04-29 2:02,103,84,19
2021-04-29 2:03,102,84,18
2021-04-29 2:04,101,83,18
2021-04-29 2:05,100,83,17
2021-04-29 2:06,99,83,16
2021-04-29 2:07,98,82,16
2021-04-29 2:08,97,82,15
2021-04-29 2:09,96,82,14
2021-04-29 2:10,95,81,14
2021-04-29 2:11,94,81,13
2021-04-29 2:12,94,81,13
2021-04-29 2:13,93,81,12
2021-04-29 2:14,92,81,11
2021-04-29 2:15,91,80,11
2021-04-29 2:16,91,80,11
2021-04-29 2:17,89,80,9
2021-04-29 2:18,89,80,9
2021-04-29 2:19,88,80,8
2021-04-29 2:20,87,80,7
2021-04-29 2:21,86,80,6
2021-04-29 2:22,85,80,5
2021-04-29 2:23,84,80,4
2021-04-29 2:24,83,80,3
2021-04-29 2:25,83,80,3
2021-04-29 2:26,81,80,1
2021-04-29 2:27,81,80,1
2021-04-29 2:28,80,80,0
2021-04-29 2:29,79,80,-1
2021-04-29 2:30,78,80,-2
2021-04-29 2:31,78,81,-3
2021-04-29 2:32,77,81,-4
2021-04-29 2:33,76,81,-5
2021-04-29 2:34,76,81,-5
2021-04-29 2:35,75,81,-6
2021-04-29 2:36,74,82,-8
2021-04-29 2:37,74,82,-8
2021-04-29 2:38,73,82,-9
2021-04-29 2:39,73,83,-10
2021-04-29 2:40,72,83,-11
2021-04-29 2:41,72,83,-11
2021-04-29 2:42,71,84,-13
2021-04-29 2:43,71,84,-13
2021-04-29 2:44,70,85,-15
2021-04-29 2:45,70,85,-15
2021-04-29 2:46,70,86,-16
2021-04-29 2:47,70,86,-16
2021-04-29 2:48,70,87,-17
2021-04-29 2:49,70,87,-17
2021-04-29 2:50,70,88,-18
2021-04-29 2:51,70,88,-18
2021-04-29 2:52,71,89,-18
2021-04-29 2:53,71,90,-19
2021-04-29 2:54,72,90,-18
2021-04-29 2:55,73,91,-18
2021-04-29 2:56,74,92,-18
2021-04-29 2:57,76,92,-16
2021-04-29 2:58,78,93,-15
2021-04-29 2:59,81,94,-13
2021-04-29 3:00,84,95,-11
2021-04-29 3:01,87,96,-9
2021-04-29 3:02,90,97,-7
2021-04-29 3:03,94,97,-3
2021-04-29 3:04,97,98,-1
2021-04-29 3:05,100,99,1
2021-04-29 3:06,104,100,4
2021-04-29 3:07,107,101,6
2021-04-29 3:08,110,102,8
2021-04-29 3:09,112,103,9
2021-04-29 3:10,114,104,10
2021-04-29 3:11,116,105,11
2021-04-29 3:12,119,106,13
2021-04-29 3:13,121,108,13
2021-04-29 3:14,123,109,14
2021-04-29 3:15,125,110,15
2021-04-29 3:16,127,111,16
2021-04-29 3:17,129,112,17
2021-04-29 3:18,131,114,17
2021-04-29 3:19,133,115,18
2021-04-29 3:20,134,116,18
2021-04-29 3:21,137,118,19
2021-04-29 3:22,139,119,20
2021-04-29 3:23,141,120,21
2021-04-29 3:24,144,122,22
2021-04-29 3:25,146,123,23
2021-04-29 3:26,147,125,22
2021-04-29 3:27,148,126,22
2021-04-29 3:28,150,128,22
2021-04-29 3:29,151,129,22
2021-04-29 3:30,153,131,22
2021-04-29 3:31,155,132,23
2021-04-29 3:32,157,134,23
2021-04-29 3:33,159,136,23
2021-04-29 3:34,161,137,24
2021-04-29 3:35,163,139,24
2021-04-29 3:36,165,141,24
2021-04-29 3:37,167,143,24
2021-04-29 3:38,169,144,25
2021-04-29 3:39,171,146,25
2021-04-29 3:40,173,148,25
2021-04-29 3:41,174,150,24
2021-04-29 3:42,176,152,24
2021-04-29 3:43,178,154,24
2021-04-29 3:44,180,156,24
2021-04-29 3:45,182,158,24
2021-04-29 3:46,184,160,24
2021-04-29 3:47,186,162,24
2021-04-29 3:48,188,164,24
2021-04-29 3:49,189,166,23
2021-04-29 3:50,191,168,23
2021-04-29 3:51,193,170,23
2021-04-29 3:52,195,172,23
2021-04-29 3:53,196,174,22
2021-04-29 3:54,198,177,21
2021-04-29 3:55,200,179,21
2021-04-29 3:56,202,181,21
2021-04-29 3:57,204,183,21
2021-04-29 3:58,206,186,20
2021-04-29 3:59,207,188,19
2021-04-29 4:00,209,190,19
2021-04-29 4:01,211,193,18
2021-04-29 4:02,213,195,18
2021-04-29 4:03,215,198,17
2021-04-29 4:04,218,200,18
2021-04-29 4:05,220,203,17
2021-04-29 4:06,222,205,17
2021-04-29 4:07,224,208,16
2021-04-29 4:08,226,211,15
2021-04-29 4:09,228,213,15
2021-04-29 4:10,230,216,14
2021-04-29 4:11,232,218,14
2021-04-29 4:12,234,221,13
2021-04-29 4:13,237,224,13
2021-04-29 4:14,239,227,12
2021-04-29 4:15,241,229,12
2021-04-29 4:16,244,232,12
2021-04-29 4:17,246,235,11
2021-04-29 4:18,248,238,10
2021-04-29 4:19,251,241,10
2021-04-29 4:20,254,244,10
2021-04-29 4:21,256,247,9
2021-04-29 4:22,259,250,9
2021-04-29 4:23,262,253,9
2021-04-29 4:24,264,256,8
2021-04-29 4:25,267,259,8
2021-04-29 4:26,271,262,9
2021-04-29 4:27,274,265,9
2021-04-29 4:28,277,268,9
2021-04-29 4:29,281,271,10
2021-04-29 4:30,284,274,10
2021-04-29 4:31,288,277,11
2021-04-29 4:32,291,281,10
2021-04-29 4:33,295,284,11
2021-04-29 4:34,299,287,12
2021-04-29 4:35,302,290,12
2021-04-29 4:36,307,294,13
2021-04-29 4:37,311,297,14
2021-04-29 4:38,315,300,15
2021-04-29 4:39,319,304,15
2021-04-29 4:40,322,307,15
2021-04-29 4:41,327,310,17
2021-04-29 4:42,331,314,17
2021-04-29 4:43,335,317,18
2021-04-29 4:44,338,321,17
2021-04-29 4:45,341,324,17
2021-04-29 4:46,345,328,17
2021-04-29 4:47,348,331,17
2021-04-29 4:48,352,335,17
2021-04-29 4:49,355,338,17
2021-04-29 4:50,358,342,16
2021-04-29 4:51,361,345,16
2021-04-29 4:52,365,349,16
2021-04-29 4:53,368,352,16
2021-04-29 4:54,371,356,15
2021-04-29 4:55,375,360,15
2021-04-29 4:56,378,363,15
2021-04-29 4:57,381,367,14
2021-04-29 4:58,385,371,14
2021-04-29 4:59,388,374,14
2021-04-29 5:00,391,378,13
2021-04-29 5:01,394,382,12
2021-04-29 5:02,398,386,12
2021-04-29 5:03,401,389,12
2021-04-29 5:04,404,393,11
2021-04-29 5:05,408,397,11
2021-04-29 5:06,411,401,10
2021-04-29 5:07,413,404,9
2021-04-29 5:08,417,408,9
2021-04-29 5:09,420,412,8
2021-04-29 5:10,423,416,7
2021-04-29 5:11,426,420,6
2021-04-29 5:12,429,423,6
2021-04-29 5:13,432,427,5
2021-04-29 5:14,435,431,4
2021-04-29 5:15,438,435,3
2021-04-29 5:16,442,439,3
2021-04-29 5:17,445,443,2
2021-04-29 5:18,448,447,1
2021-04-29 5:19,451,450,1
2021-04-29 5:20,454,454,0
2021-04-29 5:21,457,458,-1
2021-04-29 5:22,460,462,-2
2021-04-29 5:23,463,466,-3
2021-04-29 5:24,466,470,-4
2021-04-29 5:25,469,474,-5
2021-04-29 5:26,472,477,-5
2021-04-29 5:27,476,481,-5
2021-04-29 5:28,479,485,-6
2021-04-29 5:29,483,489,-6
2021-04-29 5:30,486,493,-7
2021-04-29 5:31,489,497,-8
2021-04-29 5:32,492,501,-9
2021-04-29 5:33,496,504,-8
2021-04-29 5:34,499,508,-9
2021-04-29 5:35,503,512,-9
2021-04-29 5:36,506,516,-10
2021-04-29 5:37,509,520,-11
2021-04-29 5:38,513,524,-11
2021-04-29 5:39,517,527,-10
2021-04-29 5:40,521,531,-10
2021-04-29 5:41,525,535,-10
2021-04-29 5:42,528,539,-11
2021-04-29 5:43,532,543,-11
2021-04-29 5:44,535,546,-11
2021-04-29 5:45,539,550,-11
2021-04-29 5:46,542,554,-12
2021-04-29 5:47,545,558,-13
2021-04-29 5:48,549,561,-12
2021-04-29 5:49,553,565,-12
2021-04-29 5:50,558,569,-11
2021-04-29 5:51,562,572,-10
2021-04-29 5:52,566,576,-10
2021-04-29 5:53,570,579,-9
2021-04-29 5:54,574,583,-9
2021-04-29 5:55,578,587,-9
2021-04-29 5:56,582,590,-8
2021-04-29 5:57,585,594,-9
2021-04-29 5:58,589,597,-8
2021-04-29 5:59,593,601,-8
2021-04-29 6:00,597,604,-7
2021-04-29 6:01,600,608,-8
2021-04-29 6:02,603,611,-8
2021-04-29 6:03,607,615,-8
2021-04-29 6:04,611,618,-7
2021-04-29 6:05,615,621,-6
2021-04-29 6:06,619,625,-6
2021-04-29 6:07,622,628,-6
2021-04-29 6:08,626,631,-5
2021-04-29 6:09,630,634,-4
2021-04-29 6:10,633,638,-5
2021-04-29 6:11,637,641,-4
2021-04-29 6:12,640,644,-4
2021-04-29 6:13,643,647,-4
2021-04-29 6:14,647,650,-3
2021-04-29 6:15,651,653,-2
2021-04-29 6:16,654,656,-2
2021-04-29 6:17,657,659,-2
2021-04-29 6:18,660,662,-2
2021-04-29 6:19,663,665,-2
2021-04-29 6:20,666,668,-2
2021-04-29 6:21,669,671,-2
2021-04-29 6:22,672,674,-2
2021-04-29 6:23,675,677,-2
2021-04-29 6:24,678,680,-2
2021-04-29 6:25,682,682,0
2021-04-29 6:26,684,685,-1
2021-04-29 6:27,688,688,0
2021-04-29 6:28,690,690,0
2021-04-29 6:29,693,693,0
2021-04-29 6:30,695,695,0
2021-04-29 6:31,697,698,-1
2021-04-29 6:32,700,700,0
2021-04-29 6:33,702,703,-1
2021-04-29 6:34,705,705,0
2021-04-29 6:35,708,708,0
2021-04-29 6:36,710,710,0
2021-04-29 6:37,713,712,1
2021-04-29 6:38,715,714,1
2021-04-29 6:39,717,717,0
2021-04-29 6:40,719,719,0
2021-04-29 6:41,721,721,0
2021-04-29 6:42,724,723,1
2021-04-29 6:43,726,725,1
2021-04-29 6:44,728,727,1
2021-04-29 6:45,729,729,0
2021-04-29 6:46,731,731,0
2021-04-29 6:47,733,733,0
2021-04-29 6:48,735,734,1
2021-04-29 6:49,737,736,1
2021-04-29 6:50,740,738,2
2021-04-29 6:51,741,739,2
2021-04-29 6:52,743,741,2
2021-04-29 6:53,744,743,1
2021-04-29 6:54,745,744,1
2021-04-29 6:55,746,746,0
2021-04-29 6:56,747,747,0
2021-04-29 6:57,748,748,0
2021-04-29 6:58,749,750,-1
2021-04-29 6:59,750,751,-1
2021-04-29 7:00,751,752,-1
2021-04-29 7:01,753,753,0
2021-04-29 7:02,754,755,-1
2021-04-29 7:03,756,756,0
2021-04-29 7:04,757,757,0
2021-04-29 7:05,757,758,-1
2021-04-29 7:06,758,759,-1
2021-04-29 7:07,758,760,-2
2021-04-29 7:08,759,760,-1
2021-04-29 7:09,760,761,-1
2021-04-29 7:10,760,762,-2
2021-04-29 7:11,761,763,-2
2021-04-29 7:12,762,763,-1
2021-04-29 7:13,762,764,-2
2021-04-29 7:14,762,764,-2
2021-04-29 7:15,762,765,-3
2021-04-29 7:16,762,765,-3
2021-04-29 7:17,762,766,-4
2021-04-29 7:18,762,766,-4
2021-04-29 7:19,761,767,-6
2021-04-29 7:20,761,767,-6
2021-04-29 7:21,761,767,-6
2021-04-29 7:22,760,767,-7
2021-04-29 7:23,760,767,-7
2021-04-29 7:24,760,767,-7
2021-04-29 7:25,760,767,-7
2021-04-29 7:26,759,767,-8
2021-04-29 7:27,759,767,-8
2021-04-29 7:28,758,767,-9
2021-04-29 7:29,758,767,-9
2021-04-29 7:30,757,767,-10
2021-04-29 7:31,757,767,-10
2021-04-29 7:32,757,766,-9
2021-04-29 7:33,756,766,-10
2021-04-29 7:34,756,766,-10
2021-04-29 7:35,755,765,-10
2021-04-29 7:36,754,765,-11
2021-04-29 7:37,753,764,-11
2021-04-29 7:38,752,764,-12
2021-04-29 7:39,751,763,-12
2021-04-29 7:40,750,763,-13
2021-04-29 7:41,749,762,-13
2021-04-29 7:42,749,761,-12
2021-04-29 7:43,748,760,-12
2021-04-29 7:44,747,760,-13
2021-04-29 7:45,746,759,-13
2021-04-29 7:46,746,758,-12
2021-04-29 7:47,745,757,-12
2021-04-29 7:48,744,756,-12
2021-04-29 7:49,743,755,-12
2021-04-29 7:50,742,754,-12
2021-04-29 7:51,741,753,-12
2021-04-29 7:52,740,752,-12
2021-04-29 7:53,739,751,-12
2021-04-29 7:54,738,749,-11
2021-04-29 7:55,737,748,-11
2021-04-29 7:56,735,747,-12
2021-04-29 7:57,734,746,-12
2021-04-29 7:58,733,744,-11
2021-04-29 7:59,731,743,-12
2021-04-29 8:00,730,741,-11
2021-04-29 8:01,729,740,-11
2021-04-29 8:02,728,739,-11
2021-04-29 8:03,726,737,-11
2021-04-29 8:04,725,735,-10
2021-04-29 8:05,724,734,-10
2021-04-29 8:06,722,732,-10
2021-04-29 8:07,721,731,-10
2021-04-29 8:08,719,729,-10
2021-04-29 8:09,717,727,-10
2021-04-29 8:10,715,726,-11
2021-04-29 8:11,714,724,-10
2021-04-29 8:12,712,722,-10
2021-04-29 8:13,711,720,-9
2021-04-29 8:14,710,718,-8
2021-04-29 8:15,708,717,-9
2021-04-29 8:16,707,715,-8
2021-04-29 8:17,705,713,-8
2021-04-29 8:18,704,711,-7
2021-04-29 8:19,701,709,-8
2021-04-29 8:20,699,707,-8
2021-04-29 8:21,697,705,-8
2021-04-29 8:22,696,703,-7
2021-04-29 8:23,694,701,-7
2021-04-29 8:24,692,699,-7
2021-04-29 8:25,690,697,-7
2021-04-29 8:26,688,695,-7
2021-04-29 8:27,687,692,-5
2021-04-29 8:28,685,690,-5
2021-04-29 8:29,684,688,-4
2021-04-29 8:30,682,686,-4
2021-04-29 8:31,680,684,-4
2021-04-29 8:32,678,681,-3
2021-04-29 8:33,676,679,-3
2021-04-29 8:34,675,677,-2
2021-04-29 8:35,673,675,-2
2021-04-29 8:36,671,672,-1
2021-04-29 8:37,670,670,0
2021-04-29 8:38,669,668,1
2021-04-29 8:39,667,666,1
2021-04-29 8:40,665,663,2
2021-04-29 8:41,663,661,2
2021-04-29 8:42,661,658,3
2021-04-29 8:43,658,656,2
2021-04-29 8:44,657,654,3
2021-04-29 8:45,655,651,4
2021-04-29 8:46,653,649,4
2021-04-29 8:47,651,647,4
2021-04-29 8:48,649,644,5
2021-04-29 8:49,647,642,5
2021-04-29 8:50,645,639,6
2021-04-29 8:51,643,637,6
2021-04-29 8:52,642,635,7
2021-04-29 8:53,639,632,7
2021-04-29 8:54,637,630,7
2021-04-29 8:55,636,627,9
2021-04-29 8:56,633,625,8
2021-04-29 8:57,631,622,9
2021-04-29 8:58,629,620,9
2021-04-29 8:59,627,617,10
2021-04-29 9:00,625,615,10
2021-04-29 9:01,622,613,9
2021-04-29 9:02,621,610,11
2021-04-29 9:03,619,608,11
2021-04-29 9:04,616,605,11
2021-04-29 9:05,614,603,11
2021-04-29 9:06,612,600,12
2021-04-29 9:07,609,598,11
2021-04-29 9:08,607,596,11
2021-04-29 9:09,605,593,12
2021-04-29 9:10,602,591,11
2021-04-29 9:11,600,588,12
2021-04-29 9:12,598,586,12
2021-04-29 9:13,596,583,13
2021-04-29 9:14,594,581,13
2021-04-29 9:15,592,579,13
2021-04-29 9:16,590,576,14
2021-04-29 9:17,588,574,14
2021-04-29 9:18,585,571,14
2021-04-29 9:19,583,569,14
2021-04-29 9:20,581,567,14
2021-04-29 9:21,580,564,16
2021-04-29 9:22,578,562,16
2021-04-29 9:23,576,560,16
2021-04-29 9:24,574,557,17
2021-04-29 9:25,572,555,17
2021-04-29 9:26,571,553,18
2021-04-29 9:27,569,550,19
2021-04-29 9:28,567,548,19
2021-04-29 9:29,565,546,19
2021-04-29 9:30,-,543,-
2021-04-29 9:31,561,541,20
2021-04-29 9:32,559,539,20
2021-04-29 9:33,558,537,21
2021-04-29 9:34,556,534,22
2021-04-29 9:35,553,532,21
2021-04-29 9:36,551,530,21
2021-04-29 9:37,549,528,21
2021-04-29 9:38,547,525,22
2021-04-29 9:39,545,523,22
2021-04-29 9:40,543,521,22
2021-04-29 9:41,541,519,22
2021-04-29 9:42,539,517,22
2021-04-29 9:43,-,515,-
2021-04-29 9:44,535,513,22
2021-04-29 9:45,533,510,23
2021-04-29 9:46,531,508,23
2021-04-29 9:47,528,506,22
2021-04-29 9:48,526,504,22
2021-04-29 9:49,524,502,22
2021-04-29 9:50,522,500,22
2021-04-29 9:51,521,498,23
2021-04-29 9:52,518,496,22
2021-04-29 9:53,516,494,22
2021-04-29 9:54,514,492,22
2021-04-29 9:55,512,490,22
2021-04-29 9:56,510,488,22
2021-04-29 9:57,508,486,22
2021-04-29 9:58,506,484,22
2021-04-29 9:59,504,482,22
2021-04-29 10:00,502,480,22
2021-04-29 10:01,500,478,22
2021-04-29 10:02,498,477,21
2021-04-29 10:03,496,475,21
2021-04-29 10:04,494,473,21
2021-04-29 10:05,492,471,21
2021-04-29 10:06,491,469,22
2021-04-29 10:07,489,467,22
2021-04-29 10:08,487,465,22
2021-04-29 10:09,485,464,21
2021-04-29 10:10,483,462,21
2021-04-29 10:11,480,460,20
2021-04-29 10:12,478,458,20
2021-04-29 10:13,477,457,20
2021-04-29 10:14,474,455,19
2021-04-29 10:15,472,453,19
2021-04-29 10:16,471,451,20
2021-04-29 10:17,469,450,19
2021-04-29 10:18,467,448,19
2021-04-29 10:19,466,446,20
2021-04-29 10:20,463,445,18
2021-04-29 10:21,461,443,18
2021-04-29 10:22,459,441,18
2021-04-29 10:23,457,440,17
2021-04-29 10:24,455,438,17
2021-04-29 10:25,453,436,17
2021-04-29 10:26,451,435,16
2021-04-29 10:27,449,433,16
2021-04-29 10:28,447,432,15
2021-04-29 10:29,446,430,16
2021-04-29 10:30,443,429,14
2021-04-29 10:31,441,427,14
2021-04-29 10:32,439,425,14
2021-04-29 10:33,437,424,13
2021-04-29 10:34,435,422,13
2021-04-29 10:35,433,421,12
2021-04-29 10:36,431,419,12
2021-04-29 10:37,430,418,12
2021-04-29 10:38,428,416,12
2021-04-29 10:39,426,415,11
2021-04-29 10:40,424,413,11
2021-04-29 10:41,422,412,10
2021-04-29 10:42,420,410,10
2021-04-29 10:43,418,409,9
2021-04-29 10:44,416,407,9
2021-04-29 10:45,414,406,8
2021-04-29 10:46,412,405,7
2021-04-29 10:47,410,403,7
2021-04-29 10:48,409,402,7
2021-04-29 10:49,407,400,7
2021-04-29 10:50,405,399,6
2021-04-29 10:51,403,397,6
2021-04-29 10:52,402,396,6
2021-04-29 10:53,400,395,5
2021-04-29 10:54,398,393,5
2021-04-29 10:55,396,392,4
2021-04-29 10:56,394,390,4
2021-04-29 10:57,393,389,4
2021-04-29 10:58,391,388,3
2021-04-29 10:59,390,386,4
2021-04-29 11:00,388,385,3
2021-04-29 11:01,386,383,3
2021-04-29 11:02,384,382,2
2021-04-29 11:03,382,381,1
2021-04-29 11:04,381,379,2
2021-04-29 11:05,379,378,1
2021-04-29 11:06,377,377,0
2021-04-29 11:07,376,375,1
2021-04-29 11:08,374,374,0
2021-04-29 11:09,373,372,1
2021-04-29 11:10,371,371,0
2021-04-29 11:11,370,370,0
2021-04-29 11:12,368,368,0
2021-04-29 11:13,366,367,-1
2021-04-29 11:14,364,366,-2
2021-04-29 11:15,363,364,-1
2021-04-29 11:16,361,363,-2
2021-04-29 11:17,360,362,-2
2021-04-29 11:18,358,360,-2
2021-04-29 11:19,357,359,-2
2021-04-29 11:20,355,357,-2
2021-04-29 11:21,354,356,-2
2021-04-29 11:22,352,355,-3
2021-04-29 11:23,351,353,-2
2021-04-29 11:24,349,352,-3
2021-04-29 11:25,348,351,-3
2021-04-29 11:26,346,349,-3
2021-04-29 11:27,344,348,-4
2021-04-29 11:28,343,346,-3
2021-04-29 11:29,341,345,-4
2021-04-29 11:30,340,344,-4
2021-04-29 11:31,338,342,-4
2021-04-29 11:32,337,341,-4
2021-04-29 11:33,336,339,-3
2021-04-29 11:34,335,338,-3
2021-04-29 11:35,333,337,-4
2021-04-29 11:36,332,335,-3
2021-04-29 11:37,330,334,-4
2021-04-29 11:38,328,332,-4
2021-04-29 11:39,326,331,-5
2021-04-29 11:40,325,329,-4
2021-04-29 11:41,324,328,-4
2021-04-29 11:42,322,327,-5
2021-04-29 11:43,321,325,-4
2021-04-29 11:44,319,324,-5
2021-04-29 11:45,318,322,-4
2021-04-29 11:46,317,321,-4
2021-04-29 11:47,316,319,-3
2021-04-29 11:48,314,318,-4
2021-04-29 11:49,313,316,-3
2021-04-29 11:50,311,315,-4
2021-04-29 11:51,310,314,-4
2021-04-29 11:52,309,312,-3
2021-04-29 11:53,308,311,-3
2021-04-29 11:54,306,309,-3
2021-04-29 11:55,304,308,-4
2021-04-29 11:56,303,306,-3
2021-04-29 11:57,302,305,-3
2021-04-29 11:58,301,303,-2
2021-04-29 11:59,300,302,-2
2021-04-29 12:00,298,300,-2
2021-04-29 12:01,297,299,-2
2021-04-29 12:02,296,297,-1
2021-04-29 12:03,295,296,-1
2021-04-29 12:04,293,294,-1
2021-04-29 12:05,292,293,-1
2021-04-29 12:06,290,291,-1
2021-04-29 12:07,289,290,-1
2021-04-29 12:08,288,288,0
2021-04-29 12:09,286,286,0
2021-04-29 12:10,285,285,0
2021-04-29 12:11,284,283,1
2021-04-29 12:12,283,282,1
2021-04-29 12:13,282,280,2
2021-04-29 12:14,280,279,1
2021-04-29 12:15,279,277,2
2021-04-29 12:16,278,276,2
2021-04-29 12:17,277,274,3
2021-04-29 12:18,276,272,4
2021-04-29 12:19,275,271,4
2021-04-29 12:20,273,269,4
2021-04-29 12:21,272,268,4
2021-04-29 12:22,271,266,5
2021-04-29 12:23,270,265,5
2021-04-29 12:24,268,263,5
2021-04-29 12:25,267,261,6
2021-04-29 12:26,266,260,6
2021-04-29 12:27,265,258,7
2021-04-29 12:28,264,257,7
2021-04-29 12:29,262,255,7
2021-04-29 12:30,261,253,8
2021-04-29 12:31,260,252,8
2021-04-29 12:32,259,250,9
2021-04-29 12:33,258,249,9
2021-04-29 12:34,256,247,9
2021-04-29 12:35,255,245,10
2021-04-29 12:36,254,244,10
2021-04-29 12:37,253,242,11
2021-04-29 12:38,251,241,10
2021-04-29 12:39,250,239,11
2021-04-29 12:40,249,237,12
2021-04-29 12:41,248,236,12
2021-04-29 12:42,247,234,13
2021-04-29 12:43,246,233,13
2021-04-29 12:44,244,231,13
2021-04-29 12:45,243,230,13
2021-04-29 12:46,242,228,14
2021-04-29 12:47,241,226,15
2021-04-29 12:48,240,225,15
2021-04-29 12:49,239,223,16
2021-04-29 12:50,238,222,16
2021-04-29 12:51,236,220,16
2021-04-29 12:52,235,218,17
2021-04-29 12:53,234,217,17
2021-04-29 12:54,233,215,18
2021-04-29 12:55,231,214,17
2021-04-29 12:56,230,212,18
2021-04-29 12:57,229,211,18
2021-04-29 12:58,228,209,19
2021-04-29 12:59,227,208,19
2021-04-29 13:00,226,206,20
2021-04-29 13:01,225,204,21
2021-04-29 13:02,224,203,21
2021-04-29 13:03,223,201,22
2021-04-29 13:04,222,200,22
2021-04-29 13:05,221,198,23
2021-04-29 13:06,220,197,23
2021-04-29 13:07,219,195,24
2021-04-29 13:08,217,194,23
2021-04-29 13:09,216,192,24
2021-04-29 13:10,215,191,24
2021-04-29 13:11,213,189,24
2021-04-29 13:12,213,188,25
2021-04-29 13:13,212,186,26
2021-04-29 13:14,211,185,26
2021-04-29 13:15,210,183,27
2021-04-29 13:16,208,182,26
2021-04-29 13:17,207,181,26
2021-04-29 13:18,206,179,27
2021-04-29 13:19,205,178,27
2021-04-29 13:20,204,176,28
2021-04-29 13:21,204,175,29
2021-04-29 13:22,202,173,29
2021-04-29 13:23,201,172,29
2021-04-29 13:24,201,171,30
2021-04-29 13:25,199,169,30
2021-04-29 13:26,198,168,30
2021-04-29 13:27,197,167,30
2021-04-29 13:28,196,165,31
2021-04-29 13:29,195,164,31
2021-04-29 13:30,194,163,31
2021-04-29 13:31,193,161,32
2021-04-29 13:32,192,160,32
2021-04-29 13:33,191,159,32
2021-04-29 13:34,190,157,33
2021-04-29 13:35,189,156,33
2021-04-29 13:36,188,155,33
2021-04-29 13:37,186,154,32
2021-04-29 13:38,185,152,33
2021-04-29 13:39,185,151,34
2021-04-29 13:40,184,150,34
2021-04-29 13:41,183,149,34
2021-04-29 13:42,182,148,34
2021-04-29 13:43,181,146,35
2021-04-29 13:44,180,145,35
2021-04-29 13:45,179,144,35
2021-04-29 13:46,178,143,35
2021-04-29 13:47,176,142,34
2021-04-29 13:48,175,141,34
2021-04-29 13:49,174,140,34
2021-04-29 13:50,173,139,34
2021-04-29 13:51,172,138,34
2021-04-29 13:52,171,136,35
2021-04-29 13:53,170,135,35
2021-04-29 13:54,169,134,35
2021-04-29 13:55,168,133,35
2021-04-29 13:56,167,132,35
2021-04-29 13:57,166,131,35
2021-04-29 13:58,166,130,36
2021-04-29 13:59,165,130,35
2021-04-29 14:00,164,129,35
2021-04-29 14:01,163,128,35
2021-04-29 14:02,162,127,35
2021-04-29 14:03,161,126,35
2021-04-29 14:04,159,125,34
2021-04-29 14:05,159,124,35
2021-04-29 14:06,158,123,35
2021-04-29 14:07,157,122,35
2021-04-29 14:08,156,122,34
2021-04-29 14:09,155,121,34
2021-04-29 14:10,154,120,34
2021-04-29 14:11,153,119,34
2021-04-29 14:12,152,119,33
2021-04-29 14:13,151,118,33
2021-04-29 14:14,150,117,33
2021-04-29 14:15,149,116,33
2021-04-29 14:16,149,116,33
2021-04-29 14:17,148,115,33
2021-04-29 14:18,147,114,33
2021-04-29 14:19,146,114,32
2021-04-29 14:20,145,113,32
2021-04-29 14:21,144,113,31
2021-04-29 14:22,143,112,31
2021-04-29 14:23,142,111,31
2021-04-29 14:24,141,111,30
2021-04-29 14:25,140,110,30
2021-04-29 14:26,139,110,29
2021-04-29 14:27,138,109,29
2021-04-29 14:28,137,109,28
2021-04-29 14:29,136,108,28
2021-04-29 14:30,135,108,27
2021-04-29 14:31,134,108,26
2021-04-29 14:32,133,107,26
2021-04-29 14:33,133,107,26
2021-04-29 14:34,132,106,26
2021-04-29 14:35,131,106,25
2021-04-29 14:36,130,106,24
2021-04-29 14:37,129,105,24
2021-04-29 14:38,128,105,23
2021-04-29 14:39,128,105,23
2021-04-29 14:40,127,105,22
2021-04-29 14:41,126,104,22
2021-04-29 14:42,125,104,21
2021-04-29 14:43,124,104,20
2021-04-29 14:44,123,104,19
2021-04-29 14:45,122,104,18
2021-04-29 14:46,121,104,17
2021-04-29 14:47,121,103,18
2021-04-29 14:48,119,103,16
2021-04-29 14:49,118,103,15
2021-04-29 14:50,117,103,14
2021-04-29 14:51,116,103,13
2021-04-29 14:52,116,103,13
2021-04-29 14:53,115,103,12
2021-04-29 14:54,114,103,11
2021-04-29 14:55,114,103,11
2021-04-29 14:56,113,103,10
2021-04-29 14:57,113,103,10
2021-04-29 14:58,112,103,9
2021-04-29 14:59,111,104,7
2021-04-29 15:00,110,104,6
2021-04-29 15:01,110,104,6
2021-04-29 15:02,109,104,5
2021-04-29 15:03,109,104,5
2021-04-29 15:04,108,105,3
2021-04-29 15:05,107,105,2
2021-04-29 15:06,107,105,2
2021-04-29 15:07,106,105,1
2021-04-29 15:08,105,106,-1
2021-04-29 15:09,105,106,-1
2021-04-29 15:10,104,106,-2
2021-04-29 15:11,104,107,-3
2021-04-29 15:12,104,107,-3
2021-04-29 15:13,103,108,-5
2021-04-29 15:14,103,108,-5
2021-04-29 15:15,103,109,-6
2021-04-29 15:16,103,109,-6
2021-04-29 15:17,103,110,-7
2021-04-29 15:18,104,110,-6
2021-04-29 15:19,104,111,-7
2021-04-29 15:20,105,111,-6
2021-04-29 15:21,106,112,-6
2021-04-29 15:22,106,112,-6
2021-04-29 15:23,107,113,-6
2021-04-29 15:24,108,114,-6
2021-04-29 15:25,110,114,-4
2021-04-29 15:26,112,115,-3
2021-04-29 15:27,114,116,-2
2021-04-29 15:28,116,117,-1
2021-04-29 15:29,118,118,0
2021-04-29 15:30,121,118,3
2021-04-29 15:31,124,119,5
2021-04-29 15:32,127,120,7
2021-04-29 15:33,130,121,9
2021-04-29 15:34,133,122,11
2021-04-29 15:35,136,123,13
2021-04-29 15:36,140,124,16
2021-04-29 15:37,143,125,18
2021-04-29 15:38,146,126,20
2021-04-29 15:39,149,127,22
2021-04-29 15:40,152,128,24
2021-04-29 15:41,154,129,25
2021-04-29 15:42,157,130,27
2021-04-29 15:43,160,131,29
2021-04-29 15:44,163,132,31
2021-04-29 15:45,165,133,32
2021-04-29 15:46,167,135,32
2021-04-29 15:47,169,136,33
2021-04-29 15:48,171,137,34
2021-04-29 15:49,172,138,34
2021-04-29 15:50,174,140,34
2021-04-29 15:51,176,141,35
2021-04-29 15:52,178,142,36
2021-04-29 15:53,180,144,36
2021-04-29 15:54,182,145,37
2021-04-29 15:55,183,146,37
2021-04-29 15:56,185,148,37
2021-04-29 15:57,187,149,38
2021-04-29 15:58,188,151,37
2021-04-29 15:59,190,152,38
2021-04-29 16:00,192,154,38
2021-04-29 16:01,194,155,39
2021-04-29 16:02,195,157,38
2021-04-29 16:03,197,159,38
2021-04-29 16:04,199,160,39
2021-04-29 16:05,201,162,39
2021-04-29 16:06,202,164,38
2021-04-29 16:07,204,165,39
2021-04-29 16:08,206,167,39
2021-04-29 16:09,207,169,38
2021-04-29 16:10,209,171,38
2021-04-29 16:11,210,173,37
2021-04-29 16:12,212,174,38
2021-04-29 16:13,213,176,37
2021-04-29 16:14,215,178,37
2021-04-29 16:15,217,180,37
2021-04-29 16:16,218,182,36
2021-04-29 16:17,220,184,36
2021-04-29 16:18,221,186,35
2021-04-29 16:19,223,188,35
2021-04-29 16:20,224,190,34
2021-04-29 16:21,226,192,34
2021-04-29 16:22,227,194,33
2021-04-29 16:23,228,196,32
2021-04-29 16:24,230,199,31
2021-04-29 16:25,231,201,30
2021-04-29 16:26,233,203,30
2021-04-29 16:27,234,205,29
2021-04-29 16:28,235,207,28
2021-04-29 16:29,237,210,27
2021-04-29 16:30,239,212,27
2021-04-29 16:31,240,214,26
2021-04-29 16:32,242,217,25
2021-04-29 16:33,243,219,24
2021-04-29 16:34,245,222,23
2021-04-29 16:35,246,224,22
2021-04-29 16:36,248,226,22
2021-04-29 16:37,250,229,21
2021-04-29 16:38,251,231,20
2021-04-29 16:39,253,234,19
2021-04-29 16:40,255,236,19
2021-04-29 16:41,257,239,18
2021-04-29 16:42,259,242,17
2021-04-29 16:43,261,244,17
2021-04-29 16:44,263,247,16
2021-04-29 16:45,264,249,15
2021-04-29 16:46,266,252,14
2021-04-29 16:47,268,255,13
2021-04-29 16:48,271,258,13
2021-04-29 16:49,273,260,13
2021-04-29 16:50,275,263,12
2021-04-29 16:51,277,266,11
2021-04-29 16:52,279,269,10
2021-04-29 16:53,282,272,10
2021-04-29 16:54,284,274,10
2021-04-29 16:55,287,277,10
2021-04-29 16:56,290,280,10
2021-04-29 16:57,293,283,10
2021-04-29 16:58,296,286,10
2021-04-29 16:59,299,289,10
2021-04-29 17:00,302,292,10
2021-04-29 17:01,305,295,10
2021-04-29 17:02,308,298,10
2021-04-29 17:03,312,301,11
2021-04-29 17:04,315,304,11
2021-04-29 17:05,319,307,12
2021-04-29 17:06,322,310,12
2021-04-29 17:07,325,313,12
2021-04-29 17:08,329,316,13
2021-04-29 17:09,333,319,14
2021-04-29 17:10,336,323,13
2021-04-29 17:11,339,326,13
2021-04-29 17:12,343,329,14
2021-04-29 17:13,346,332,14
2021-04-29 17:14,350,335,15
2021-04-29 17:15,353,338,15
2021-04-29 17:16,356,342,14
2021-04-29 17:17,359,345,14
2021-04-29 17:18,362,348,14
2021-04-29 17:19,365,351,14
2021-04-29 17:20,369,355,14
2021-04-29 17:21,372,358,14
2021-04-29 17:22,375,361,14
2021-04-29 17:23,378,365,13
2021-04-29 17:24,381,368,13
2021-04-29 17:25,384,371,13
2021-04-29 17:26,387,375,12
2021-04-29 17:27,390,378,12
2021-04-29 17:28,392,381,11
2021-04-29 17:29,395,385,10
2021-04-29 17:30,398,388,10
2021-04-29 17:31,401,391,10
2021-04-29 17:32,403,395,8
2021-04-29 17:33,406,398,8
2021-04-29 17:34,409,402,7
2021-04-29 17:35,412,405,7
2021-04-29 17:36,414,408,6
2021-04-29 17:37,417,412,5
2021-04-29 17:38,420,415,5
2021-04-29 17:39,423,419,4
2021-04-29 17:40,426,422,4
2021-04-29 17:41,428,426,2
2021-04-29 17:42,431,429,2
2021-04-29 17:43,433,432,1
2021-04-29 17:44,436,436,0
2021-04-29 17:45,439,439,0
2021-04-29 17:46,442,443,-1
2021-04-29 17:47,445,446,-1
2021-04-29 17:48,448,449,-1
2021-04-29 17:49,450,453,-3
2021-04-29 17:50,453,456,-3
2021-04-29 17:51,456,460,-4
2021-04-29 17:52,458,463,-5
2021-04-29 17:53,462,466,-4
2021-04-29 17:54,464,470,-6
2021-04-29 17:55,467,473,-6
2021-04-29 17:56,470,477,-7
2021-04-29 17:57,473,480,-7
2021-04-29 17:58,475,483,-8
2021-04-29 17:59,479,487,-8
2021-04-29 18:00,482,490,-8
2021-04-29 18:01,485,493,-8
2021-04-29 18:02,488,497,-9
2021-04-29 18:03,490,500,-10
2021-04-29 18:04,493,503,-10
2021-04-29 18:05,496,507,-11
2021-04-29 18:06,499,510,-11
2021-04-29 18:07,502,513,-11
2021-04-29 18:08,505,516,-11
2021-04-29 18:09,508,520,-12
2021-04-29 18:10,511,523,-12
2021-04-29 18:11,515,526,-11
2021-04-29 18:12,518,529,-11
2021-04-29 18:13,521,532,-11
2021-04-29 18:14,524,536,-12
2021-04-29 18:15,527,539,-12
2021-04-29 18:16,530,542,-12
2021-04-29 18:17,533,545,-12
2021-04-29 18:18,536,548,-12
2021-04-29 18:19,539,551,-12
2021-04-29 18:20,542,554,-12
2021-04-29 18:21,544,557,-13
2021-04-29 18:22,547,560,-13
2021-04-29 18:23,550,563,-13
2021-04-29 18:24,553,566,-13
2021-04-29 18:25,557,569,-12
2021-04-29 18:26,559,572,-13
2021-04-29 18:27,562,575,-13
2021-04-29 18:28,565,578,-13
2021-04-29 18:29,568,580,-12
2021-04-29 18:30,571,583,-12
2021-04-29 18:31,574,586,-12
2021-04-29 18:32,576,589,-13
2021-04-29 18:33,579,591,-12
2021-04-29 18:34,582,594,-12
2021-04-29 18:35,584,597,-13
2021-04-29 18:36,587,599,-12
2021-04-29 18:37,590,602,-12
2021-04-29 18:38,592,605,-13
2021-04-29 18:39,595,607,-12
2021-04-29 18:40,597,610,-13
2021-04-29 18:41,599,612,-13
2021-04-29 18:42,602,614,-12
2021-04-29 18:43,604,617,-13
2021-04-29 18:44,607,619,-12
2021-04-29 18:45,609,622,-13
2021-04-29 18:46,612,624,-12
2021-04-29 18:47,615,626,-11
2021-04-29 18:48,617,628,-11
2021-04-29 18:49,619,630,-11
2021-04-29 18:50,622,633,-11
2021-04-29 18:51,624,635,-11
2021-04-29 18:52,626,637,-11
2021-04-29 18:53,629,639,-10
2021-04-29 18:54,631,641,-10
2021-04-29 18:55,633,643,-10
2021-04-29 18:56,636,645,-9
2021-04-29 18:57,638,647,-9
2021-04-29 18:58,640,648,-8
2021-04-29 18:59,642,650,-8
2021-04-29 19:00,644,652,-8
2021-04-29 19:01,646,654,-8
2021-04-29 19:02,648,655,-7
2021-04-29 19:03,650,657,-7
2021-04-29 19:04,651,659,-8
2021-04-29 19:05,653,660,-7
2021-04-29 19:06,655,662,-7
2021-04-29 19:07,656,663,-7
2021-04-29 19:08,658,665,-7
2021-04-29 19:09,660,666,-6
2021-04-29 19:10,661,667,-6
2021-04-29 19:11,663,669,-6
2021-04-29 19:12,665,670,-5
2021-04-29 19:13,666,671,-5
2021-04-29 19:14,667,672,-5
2021-04-29 19:15,668,674,-6
2021-04-29 19:16,670,675,-5
2021-04-29 19:17,671,676,-5
2021-04-29 19:18,671,677,-6
2021-04-29 19:19,673,678,-5
2021-04-29 19:20,674,679,-5
2021-04-29 19:21,674,679,-5
2021-04-29 19:22,675,680,-5
2021-04-29 19:23,676,681,-5
2021-04-29 19:24,677,682,-5
2021-04-29 19:25,678,682,-4
2021-04-29 19:26,679,683,-4
2021-04-29 19:27,680,684,-4
2021-04-29 19:28,680,684,-4
2021-04-29 19:29,682,685,-3
2021-04-29 19:30,682,685,-3
2021-04-29 19:31,684,686,-2
2021-04-29 19:32,685,686,-1
2021-04-29 19:33,686,686,0
2021-04-29 19:34,687,687,0
2021-04-29 19:35,687,687,0
2021-04-29 19:36,688,687,1
2021-04-29 19:37,689,687,2
2021-04-29 19:38,689,687,2
2021-04-29 19:39,689,687,2
2021-04-29 19:40,688,687,1
2021-04-29 19:41,687,687,0
2021-04-29 19:42,687,687,0
2021-04-29 19:43,687,687,0
2021-04-29 19:44,687,687,0
2021-04-29 19:45,686,687,-1
2021-04-29 19:46,686,687,-1
2021-04-29 19:47,686,686,0
2021-04-29 19:48,684,686,-2
2021-04-29 19:49,683,686,-3
2021-04-29 19:50,683,685,-2
2021-04-29 19:51,681,685,-4
2021-04-29 19:52,680,684,-4
2021-04-29 19:53,679,684,-5
2021-04-29 19:54,678,683,-5
2021-04-29 19:55,677,682,-5
2021-04-29 19:56,676,682,-6
2021-04-29 19:57,674,681,-7
2021-04-29 19:58,673,680,-7
2021-04-29 19:59,672,680,-8
2021-04-29 20:00,670,679,-9
2021-04-29 20:01,669,678,-9
2021-04-29 20:02,667,677,-10
2021-04-29 20:03,666,676,-10
2021-04-29 20:04,664,675,-11
2021-04-29 20:05,663,674,-11
2021-04-29 20:06,662,673,-11
2021-04-29 20:07,660,672,-12
2021-04-29 20:08,659,671,-12
2021-04-29 20:09,658,670,-12
2021-04-29 20:10,656,668,-12
2021-04-29 20:11,655,667,-12
2021-04-29 20:12,654,666,-12
2021-04-29 20:13,653,665,-12
2021-04-29 20:14,652,663,-11
2021-04-29 20:15,651,662,-11
2021-04-29 20:16,650,661,-11
2021-04-29 20:17,648,659,-11
2021-04-29 20:18,647,658,-11
2021-04-29 20:19,645,656,-11
2021-04-29 20:20,644,655,-11
2021-04-29 20:21,642,653,-11
2021-04-29 20:22,641,652,-11
2021-04-29 20:23,639,650,-11
2021-04-29 20:24,638,648,-10
2021-04-29 20:25,637,647,-10
2021-04-29 20:26,635,645,-10
2021-04-29 20:27,633,643,-10
2021-04-29 20:28,631,641,-10
2021-04-29 20:29,629,640,-11
2021-04-29 20:30,627,638,-11
2021-04-29 20:31,626,636,-10
2021-04-29 20:32,624,634,-10
2021-04-29 20:33,622,632,-10
2021-04-29 20:34,620,630,-10
2021-04-29 20:35,618,629,-11
2021-04-29 20:36,617,627,-10
2021-04-29 20:37,616,625,-9
2021-04-29 20:38,614,623,-9
2021-04-29 20:39,612,621,-9
2021-04-29 20:40,611,619,-8
2021-04-29 20:41,610,617,-7
2021-04-29 20:42,608,614,-6
2021-04-29 20:43,607,612,-5
2021-04-29 20:44,605,610,-5
2021-04-29 20:45,604,608,-4
2021-04-29 20:46,603,606,-3
2021-04-29 20:47,602,604,-2
2021-04-29 20:48,601,602,-1
2021-04-29 20:49,600,600,0
2021-04-29 20:50,598,597,1
2021-04-29 20:51,597,595,2
2021-04-29 20:52,595,593,2
2021-04-29 20:53,594,591,3
2021-04-29 20:54,592,588,4
2021-04-29 20:55,591,586,5
2021-04-29 20:56,588,584,4
2021-04-29 20:57,587,582,5
2021-04-29 20:58,585,579,6
2021-04-29 20:59,584,577,7
2021-04-29 21:00,582,575,7
2021-04-29 21:01,580,572,8
2021-04-29 21:02,578,570,8
2021-04-29 21:03,577,568,9
2021-04-29 21:04,575,566,9
2021-04-29 21:05,572,563,9
2021-04-29 21:06,571,561,10
2021-04-29 21:07,569,558,11
2021-04-29 21:08,567,556,11
2021-04-29 21:09,565,554,11
2021-04-29 21:10,563,551,12
2021-04-29 21:11,561,549,12
2021-04-29 21:12,559,547,12
2021-04-29 21:13,557,544,13
2021-04-29 21:14,554,542,12
2021-04-29 21:15,553,540,13
2021-04-29 21:16,550,537,13
2021-04-29 21:17,548,535,13
2021-04-29 21:18,546,533,13
2021-04-29 21:19,544,530,14
2021-04-29 21:20,543,528,15
2021-04-29 21:21,541,525,16
2021-04-29 21:22,539,523,16
2021-04-29 21:23,537,521,16
2021-04-29 21:24,534,518,16
2021-04-29 21:25,532,516,16
2021-04-29 21:26,530,514,16
2021-04-29 21:27,528,511,17
2021-04-29 21:28,526,509,17
2021-04-29 21:29,524,507,17
2021-04-29 21:30,522,504,18
2021-04-29 21:31,520,502,18
2021-04-29 21:32,518,500,18
2021-04-29 21:33,515,497,18
2021-04-29 21:34,514,495,19
2021-04-29 21:35,512,493,19
2021-04-29 21:36,510,491,19
2021-04-29 21:37,508,488,20
2021-04-29 21:38,506,486,20
2021-04-29 21:39,504,484,20
2021-04-29 21:40,502,482,20
2021-04-29 21:41,500,479,21
2021-04-29 21:42,498,477,21
2021-04-29 21:43,496,475,21
2021-04-29 21:44,494,473,21
2021-04-29 21:45,492,470,22
2021-04-29 21:46,490,468,22
2021-04-29 21:47,488,466,22
2021-04-29 21:48,486,464,22
2021-04-29 21:49,484,462,22
2021-04-29 21:50,483,460,23
2021-04-29 21:51,480,458,22
2021-04-29 21:52,478,455,23
2021-04-29 21:53,477,453,24
2021-04-29 21:54,474,451,23
2021-04-29 21:55,473,449,24
2021-04-29 21:56,471,447,24
2021-04-29 21:57,470,445,25
2021-04-29 21:58,468,443,25
2021-04-29 21:59,466,441,25
2021-04-29 22:00,464,439,25
2021-04-29 22:01,463,437,26
2021-04-29 22:02,461,435,26
2021-04-29 22:03,459,433,26
2021-04-29 22:04,457,431,26
2021-04-29 22:05,455,429,26
2021-04-29 22:06,453,427,26
2021-04-29 22:07,451,425,26
2021-04-29 22:08,450,424,26
2021-04-29 22:09,448,422,26
2021-04-29 22:10,446,420,26
2021-04-29 22:11,444,418,26
2021-04-29 22:12,442,416,26
2021-04-29 22:13,440,414,26
2021-04-29 22:14,438,412,26
2021-04-29 22:15,436,411,25
2021-04-29 22:16,434,409,25
2021-04-29 22:17,433,407,26
2021-04-29 22:18,431,405,26
2021-04-29 22:19,429,404,25
2021-04-29 22:20,427,402,25
2021-04-29 22:21,426,400,26
2021-04-29 22:22,424,399,25
2021-04-29 22:23,422,397,25
2021-04-29 22:24,421,395,26
2021-04-29 22:25,418,394,24
2021-04-29 22:26,417,392,25
2021-04-29 22:27,415,390,25
2021-04-29 22:28,413,389,24
2021-04-29 22:29,412,387,25
2021-04-29 22:30,410,385,25
2021-04-29 22:31,408,384,24
2021-04-29 22:32,407,382,25
2021-04-29 22:33,404,381,23
2021-04-29 22:34,403,379,24
2021-04-29 22:35,400,378,22
2021-04-29 22:36,399,376,23
2021-04-29 22:37,397,375,22
2021-04-29 22:38,395,373,22
2021-04-29 22:39,394,372,22
2021-04-29 22:40,392,370,22
2021-04-29 22:41,391,369,22
2021-04-29 22:42,389,367,22
2021-04-29 22:43,387,366,21
2021-04-29 22:44,386,365,21
2021-04-29 22:45,384,363,21
2021-04-29 22:46,382,362,20
2021-04-29 22:47,381,360,21
2021-04-29 22:48,379,359,20
2021-04-29 22:49,377,358,19
2021-04-29 22:50,376,356,20
2021-04-29 22:51,374,355,19
2021-04-29 22:52,372,354,18
2021-04-29 22:53,371,352,19
2021-04-29 22:54,369,351,18
2021-04-29 22:55,367,350,17
2021-04-29 22:56,365,349,16
2021-04-29 22:57,364,347,17
2021-04-29 22:58,362,346,16
2021-04-29 22:59,361,345,16
2021-04-29 23:00,359,343,16
2021-04-29 23:01,358,342,16
2021-04-29 23:02,356,341,15
2021-04-29 23:03,355,340,15
2021-04-29 23:04,354,338,16
2021-04-29 23:05,352,337,15
2021-04-29 23:06,350,336,14
2021-04-29 23:07,349,335,14
2021-04-29 23:08,347,334,13
2021-04-29 23:09,345,332,13
2021-04-29 23:10,344,331,13
2021-04-29 23:11,342,330,12
2021-04-29 23:12,340,329,11
2021-04-29 23:13,339,328,11
2021-04-29 23:14,338,327,11
2021-04-29 23:15,336,325,11
2021-04-29 23:16,335,324,11
2021-04-29 23:17,333,323,10
2021-04-29 23:18,332,322,10
2021-04-29 23:19,330,321,9
2021-04-29 23:20,329,320,9
2021-04-29 23:21,327,318,9
2021-04-29 23:22,326,317,9
2021-04-29 23:23,324,316,8
2021-04-29 23:24,323,315,8
2021-04-29 23:25,321,314,7
2021-04-29 23:26,320,313,7
2021-04-29 23:27,319,312,7
2021-04-29 23:28,318,310,8
2021-04-29 23:29,316,309,7
2021-04-29 23:30,315,308,7
2021-04-29 23:31,313,307,6
2021-04-29 23:32,312,306,6
2021-04-29 23:33,310,305,5
2021-04-29 23:34,309,304,5
2021-04-29 23:35,308,302,6
2021-04-29 23:36,306,301,5
2021-04-29 23:37,305,300,5
2021-04-29 23:38,303,299,4
2021-04-29 23:39,302,298,4
2021-04-29 23:40,301,297,4
2021-04-29 23:41,300,296,4
2021-04-29 23:42,298,294,4
2021-04-29 23:43,297,293,4
2021-04-29 23:44,295,292,3
2021-04-29 23:45,294,291,3
2021-04-29 23:46,292,290,2
2021-04-29 23:47,291,289,2
2021-04-29 23:48,290,288,2
2021-04-29 23:49,288,286,2
2021-04-29 23:50,287,285,2
2021-04-29 23:51,285,284,1
2021-04-29 23:52,284,283,1
2021-04-29 23:53,283,282,1
2021-04-29 23:54,282,281,1
2021-04-29 23:55,281,279,2
2021-04-29 23:56,279,278,1
2021-04-29 23:57,278,277,1
2021-04-29 23:58,277,276,1
2021-04-29 23:59,276,275,1
2021-04-30 0:00,275,273,2
2021-04-30 0:01,273,272,1
2021-04-30 0:02,272,271,1
2021-04-30 0:03,271,270,1
2021-04-30 0:04,269,269,0
2021-04-30 0:05,268,267,1
2021-04-30 0:06,267,266,1
2021-04-30 0:07,266,265,1
2021-04-30 0:08,265,264,1
2021-04-30 0:09,263,262,1
2021-04-30 0:10,263,261,2
2021-04-30 0:11,261,260,1
2021-04-30 0:12,260,259,1
2021-04-30 0:13,259,257,2
2021-04-30 0:14,258,256,2
2021-04-30 0:15,257,255,2
2021-04-30 0:16,255,254,1
2021-04-30 0:17,254,252,2
2021-04-30 0:18,253,251,2
2021-04-30 0:19,251,250,1
2021-04-30 0:20,250,249,1
2021-04-30 0:21,249,247,2
2021-04-30 0:22,248,246,2
2021-04-30 0:23,247,245,2
2021-04-30 0:24,245,243,2
2021-04-30 0:25,244,242,2
2021-04-30 0:26,243,241,2
2021-04-30 0:27,242,239,3
2021-04-30 0:28,241,238,3
2021-04-30 0:29,240,237,3
2021-04-30 0:30,239,235,4
2021-04-30 0:31,238,234,4
2021-04-30 0:32,237,233,4
2021-04-30 0:33,235,231,4
2021-04-30 0:34,234,230,4
2021-04-30 0:35,233,229,4
2021-04-30 0:36,232,227,5
2021-04-30 0:37,231,226,5
2021-04-30 0:38,230,225,5
2021-04-30 0:39,228,223,5
2021-04-30 0:40,227,222,5
2021-04-30 0:41,226,220,6
2021-04-30 0:42,225,219,6
2021-04-30 0:43,224,218,6
2021-04-30 0:44,223,216,7
2021-04-30 0:45,222,215,7
2021-04-30 0:46,221,214,7
2021-04-30 0:47,220,212,8
2021-04-30 0:48,218,211,7
2021-04-30 0:49,217,209,8
2021-04-30 0:50,216,208,8
2021-04-30 0:51,215,207,8
2021-04-30 0:52,214,205,9
2021-04-30 0:53,213,204,9
2021-04-30 0:54,211,202,9
2021-04-30 0:55,210,201,9
2021-04-30 0:56,209,200,9
2021-04-30 0:57,208,198,10
2021-04-30 0:58,207,197,10
2021-04-30 0:59,206,195,11
2021-04-30 1:00,205,194,11
2021-04-30 1:01,204,193,11
2021-04-30 1:02,203,191,12
2021-04-30 1:03,202,190,12
2021-04-30 1:04,201,188,13
2021-04-30 1:05,199,187,12
2021-04-30 1:06,198,186,12
2021-04-30 1:07,197,184,13
2021-04-30 1:08,196,183,13
2021-04-30 1:09,195,181,14
2021-04-30 1:10,194,180,14
2021-04-30 1:11,192,179,13
2021-04-30 1:12,191,177,14
2021-04-30 1:13,190,176,14
2021-04-30 1:14,189,174,15
2021-04-30 1:15,188,173,15
2021-04-30 1:16,187,172,15
2021-04-30 1:17,186,170,16
2021-04-30 1:18,185,169,16
2021-04-30 1:19,184,168,16
2021-04-30 1:20,183,166,17
2021-04-30 1:21,182,165,17
2021-04-30 1:22,180,163,17
2021-04-30 1:23,179,162,17
2021-04-30 1:24,178,161,17
2021-04-30 1:25,177,159,18
2021-04-30 1:26,176,158,18
2021-04-30 1:27,175,157,18
2021-04-30 1:28,174,155,19
2021-04-30 1:29,173,154,19
2021-04-30 1:30,172,153,19
2021-04-30 1:31,171,151,20
2021-04-30 1:32,170,150,20
2021-04-30 1:33,169,149,20
2021-04-30 1:34,168,148,20
2021-04-30 1:35,167,146,21
2021-04-30 1:36,166,145,21
2021-04-30 1:37,165,144,21
2021-04-30 1:38,164,142,22
2021-04-30 1:39,163,141,22
2021-04-30 1:40,162,140,22
2021-04-30 1:41,161,139,22
2021-04-30 1:42,160,137,23
2021-04-30 1:43,159,136,23
2021-04-30 1:44,158,135,23
2021-04-30 1:45,157,134,23
2021-04-30 1:46,156,133,23
2021-04-30 1:47,155,131,24
2021-04-30 1:48,154,130,24
2021-04-30 1:49,153,129,24
2021-04-30 1:50,152,128,24
2021-04-30 1:51,151,127,24
2021-04-30 1:52,150,126,24
2021-04-30 1:53,149,124,25
2021-04-30 1:54,148,123,25
2021-04-30 1:55,147,122,25
2021-04-30 1:56,146,121,25
2021-04-30 1:57,145,120,25
2021-04-30 1:58,144,119,25
2021-04-30 1:59,143,118,25
2021-04-30 2:00,142,117,25
2021-04-30 2:01,141,116,25
2021-04-30 2:02,140,115,25
2021-04-30 2:03,139,114,25
2021-04-30 2:04,138,113,25
2021-04-30 2:05,137,112,25
2021-04-30 2:06,136,111,25
2021-04-30 2:07,135,110,25
2021-04-30 2:08,134,109,25
2021-04-30 2:09,133,108,25
2021-04-30 2:10,132,107,25
2021-04-30 2:11,131,106,25
2021-04-30 2:12,130,105,25
2021-04-30 2:13,129,104,25
2021-04-30 2:14,129,103,26
2021-04-30 2:15,128,103,25
2021-04-30 2:16,127,102,25
2021-04-30 2:17,126,101,25
2021-04-30 2:18,125,100,25
2021-04-30 2:19,124,99,25
2021-04-30 2:20,123,98,25
2021-04-30 2:21,122,98,24
2021-04-30 2:22,121,97,24
2021-04-30 2:23,120,96,24
2021-04-30 2:24,119,95,24
2021-04-30 2:25,118,95,23
2021-04-30 2:26,117,94,23
2021-04-30 2:27,116,93,23
2021-04-30 2:28,116,93,23
2021-04-30 2:29,115,92,23
2021-04-30 2:30,114,91,23
2021-04-30 2:31,113,91,22
2021-04-30 2:32,112,90,22
2021-04-30 2:33,111,90,21
2021-04-30 2:34,110,89,21
2021-04-30 2:35,110,89,21
2021-04-30 2:36,109,88,21
2021-04-30 2:37,108,88,20
2021-04-30 2:38,107,87,20
2021-04-30 2:39,106,87,19
2021-04-30 2:40,105,86,19
2021-04-30 2:41,105,86,19
2021-04-30 2:42,104,85,19
2021-04-30 2:43,103,85,18
2021-04-30 2:44,102,84,18
2021-04-30 2:45,101,84,17
2021-04-30 2:46,100,84,16
2021-04-30 2:47,99,83,16
2021-04-30 2:48,98,83,15
2021-04-30 2:49,98,83,15
2021-04-30 2:50,97,83,14
2021-04-30 2:51,96,82,14
2021-04-30 2:52,95,82,13
2021-04-30 2:53,94,82,12
2021-04-30 2:54,94,82,12
2021-04-30 2:55,93,81,12
2021-04-30 2:56,92,81,11
2021-04-30 2:57,91,81,10
2021-04-30 2:58,91,81,10
2021-04-30 2:59,90,81,9
2021-04-30 3:00,89,81,8
2021-04-30 3:01,88,81,7
2021-04-30 3:02,88,81,7
2021-04-30 3:03,87,81,6
2021-04-30 3:04,86,81,5
2021-04-30 3:05,85,81,4
2021-04-30 3:06,85,81,4
2021-04-30 3:07,84,81,3
2021-04-30 3:08,83,81,2
2021-04-30 3:09,83,81,2
2021-04-30 3:10,82,81,1
2021-04-30 3:11,81,81,0
2021-04-30 3:12,81,81,0
2021-04-30 3:13,81,82,-1
2021-04-30 3:14,80,82,-2
2021-04-30 3:15,80,82,-2
2021-04-30 3:16,80,82,-2
2021-04-30 3:17,80,83,-3
2021-04-30 3:18,80,83,-3
2021-04-30 3:19,80,83,-3
2021-04-30 3:20,80,83,-3
2021-04-30 3:21,81,84,-3
2021-04-30 3:22,81,84,-3
2021-04-30 3:23,82,85,-3
2021-04-30 3:24,84,85,-1
2021-04-30 3:25,86,85,1
2021-04-30 3:26,89,86,3
2021-04-30 3:27,91,86,5
2021-04-30 3:28,94,87,7
2021-04-30 3:29,97,87,10
2021-04-30 3:30,101,88,13
2021-04-30 3:31,105,89,16
2021-04-30 3:32,108,89,19
2021-04-30 3:33,111,90,21
2021-04-30 3:34,114,90,24
2021-04-30 3:35,117,91,26
2021-04-30 3:36,120,92,28
2021-04-30 3:37,123,93,30
2021-04-30 3:38,125,93,32
2021-04-30 3:39,128,94,34
2021-04-30 3:40,130,95,35
2021-04-30 3:41,131,96,35
2021-04-30 3:42,133,96,37
2021-04-30 3:43,135,97,38
2021-04-30 3:44,138,98,40
2021-04-30 3:45,140,99,41
2021-04-30 3:46,142,100,42
2021-04-30 3:47,145,101,44
2021-04-30 3:48,147,102,45
2021-04-30 3:49,149,103,46
2021-04-30 3:50,150,104,46
2021-04-30 3:51,152,105,47
2021-04-30 3:52,154,106,48
2021-04-30 3:53,155,107,48
2021-04-30 3:54,157,108,49
2021-04-30 3:55,159,110,49
2021-04-30 3:56,161,111,50
2021-04-30 3:57,162,112,50
2021-04-30 3:58,164,113,51
2021-04-30 3:59,165,114,51
2021-04-30 4:00,166,116,50
2021-04-30 4:01,168,117,51
2021-04-30 4:02,169,118,51
2021-04-30 4:03,171,120,51
2021-04-30 4:04,172,121,51
2021-04-30 4:05,174,122,52
2021-04-30 4:06,175,124,51
2021-04-30 4:07,177,125,52
2021-04-30 4:08,179,127,52
2021-04-30 4:09,181,128,53
2021-04-30 4:10,183,130,53
2021-04-30 4:11,184,131,53
2021-04-30 4:12,186,133,53
2021-04-30 4:13,187,135,52
2021-04-30 4:14,189,136,53
2021-04-30 4:15,190,138,52
2021-04-30 4:16,192,140,52
2021-04-30 4:17,193,141,52
2021-04-30 4:18,195,143,52
2021-04-30 4:19,196,145,51
2021-04-30 4:20,198,147,51
2021-04-30 4:21,200,149,51
2021-04-30 4:22,201,150,51
2021-04-30 4:23,203,152,51
2021-04-30 4:24,204,154,50
2021-04-30 4:25,206,156,50
2021-04-30 4:26,207,158,49
2021-04-30 4:27,208,160,48
2021-04-30 4:28,210,162,48
2021-04-30 4:29,212,164,48
2021-04-30 4:30,214,166,48
2021-04-30 4:31,216,168,48
2021-04-30 4:32,217,170,47
2021-04-30 4:33,219,172,47
2021-04-30 4:34,221,175,46
2021-04-30 4:35,223,177,46
2021-04-30 4:36,225,179,46
2021-04-30 4:37,226,181,45
2021-04-30 4:38,228,184,44
2021-04-30 4:39,229,186,43
2021-04-30 4:40,231,188,43
2021-04-30 4:41,233,191,42
2021-04-30 4:42,235,193,42
2021-04-30 4:43,237,195,42
2021-04-30 4:44,239,198,41
2021-04-30 4:45,241,200,41
2021-04-30 4:46,243,203,40
2021-04-30 4:47,245,205,40
2021-04-30 4:48,247,208,39
2021-04-30 4:49,249,210,39
2021-04-30 4:50,251,213,38
2021-04-30 4:51,254,215,39
2021-04-30 4:52,256,218,38
2021-04-30 4:53,259,221,38
2021-04-30 4:54,261,223,38
2021-04-30 4:55,264,226,38
2021-04-30 4:56,267,229,38
2021-04-30 4:57,269,232,37
2021-04-30 4:58,272,234,38
2021-04-30 4:59,275,237,38
2021-04-30 5:00,279,240,39
2021-04-30 5:01,282,243,39
2021-04-30 5:02,285,246,39
2021-04-30 5:03,288,249,39
2021-04-30 5:04,292,252,40
2021-04-30 5:05,296,255,41
2021-04-30 5:06,299,258,41
2021-04-30 5:07,303,261,42
2021-04-30 5:08,306,264,42
2021-04-30 5:09,310,267,43
2021-04-30 5:10,314,270,44
2021-04-30 5:11,317,273,44
2021-04-30 5:12,321,276,45
2021-04-30 5:13,324,279,45
2021-04-30 5:14,328,282,46
2021-04-30 5:15,332,285,47
2021-04-30 5:16,335,288,47
2021-04-30 5:17,339,292,47
2021-04-30 5:18,342,295,47
2021-04-30 5:19,345,298,47
2021-04-30 5:20,349,301,48
2021-04-30 5:21,352,305,47
2021-04-30 5:22,356,308,48
2021-04-30 5:23,359,311,48
2021-04-30 5:24,362,315,47
2021-04-30 5:25,366,318,48
2021-04-30 5:26,369,321,48
2021-04-30 5:27,372,325,47
2021-04-30 5:28,376,328,48
2021-04-30 5:29,378,332,46
2021-04-30 5:30,381,335,46
2021-04-30 5:31,385,339,46
2021-04-30 5:32,388,342,46
2021-04-30 5:33,391,346,45
2021-04-30 5:34,394,349,45
2021-04-30 5:35,397,353,44
2021-04-30 5:36,400,356,44
2021-04-30 5:37,404,360,44
2021-04-30 5:38,407,363,44
2021-04-30 5:39,410,367,43
2021-04-30 5:40,413,370,43
2021-04-30 5:41,417,374,43
2021-04-30 5:42,420,378,42
2021-04-30 5:43,423,381,42
2021-04-30 5:44,426,385,41
2021-04-30 5:45,429,388,41
2021-04-30 5:46,432,392,40
2021-04-30 5:47,435,396,39
2021-04-30 5:48,438,399,39
2021-04-30 5:49,442,403,39
2021-04-30 5:50,445,407,38
2021-04-30 5:51,448,410,38
2021-04-30 5:52,451,414,37
2021-04-30 5:53,454,418,36
2021-04-30 5:54,458,422,36
2021-04-30 5:55,461,425,36
2021-04-30 5:56,465,429,36
2021-04-30 5:57,468,433,35
2021-04-30 5:58,471,436,35
2021-04-30 5:59,474,440,34
2021-04-30 6:00,477,444,33
2021-04-30 6:01,480,448,32
2021-04-30 6:02,483,451,32
2021-04-30 6:03,487,455,32
2021-04-30 6:04,490,459,31
2021-04-30 6:05,493,463,30
2021-04-30 6:06,497,466,31
2021-04-30 6:07,500,470,30
2021-04-30 6:08,504,474,30
2021-04-30 6:09,507,477,30
2021-04-30 6:10,510,481,29
2021-04-30 6:11,514,485,29
2021-04-30 6:12,517,489,28
2021-04-30 6:13,521,492,29
2021-04-30 6:14,524,496,28
2021-04-30 6:15,527,500,27
2021-04-30 6:16,531,503,28
2021-04-30 6:17,534,507,27
2021-04-30 6:18,538,511,27
2021-04-30 6:19,541,514,27
2021-04-30 6:20,544,518,26
2021-04-30 6:21,548,522,26
2021-04-30 6:22,552,525,27
2021-04-30 6:23,556,529,27
2021-04-30 6:24,560,533,27
2021-04-30 6:25,563,536,27
2021-04-30 6:26,567,540,27
2021-04-30 6:27,570,543,27
2021-04-30 6:28,574,547,27
2021-04-30 6:29,577,550,27
2021-04-30 6:30,580,554,26
2021-04-30 6:31,584,557,27
2021-04-30 6:32,587,561,26
2021-04-30 6:33,591,564,27
2021-04-30 6:34,594,568,26
2021-04-30 6:35,598,571,27
2021-04-30 6:36,601,575,26
2021-04-30 6:37,604,578,26
2021-04-30 6:38,608,582,26
2021-04-30 6:39,611,585,26
2021-04-30 6:40,615,588,27
2021-04-30 6:41,617,592,25
2021-04-30 6:42,621,595,26
2021-04-30 6:43,624,598,26
2021-04-30 6:44,628,601,27
2021-04-30 6:45,631,605,26
2021-04-30 6:46,635,608,27
2021-04-30 6:47,638,611,27
2021-04-30 6:48,641,614,27
2021-04-30 6:49,645,617,28
2021-04-30 6:50,648,620,28
2021-04-30 6:51,651,624,27
2021-04-30 6:52,654,627,27
2021-04-30 6:53,656,630,26
2021-04-30 6:54,659,633,26
2021-04-30 6:55,662,636,26
2021-04-30 6:56,665,639,26
2021-04-30 6:57,668,641,27
2021-04-30 6:58,671,644,27
2021-04-30 6:59,674,647,27
2021-04-30 7:00,676,650,26
2021-04-30 7:01,679,653,26
2021-04-30 7:02,681,655,26
2021-04-30 7:03,684,658,26
2021-04-30 7:04,686,661,25
2021-04-30 7:05,689,663,26
2021-04-30 7:06,691,666,25
2021-04-30 7:07,693,669,24
2021-04-30 7:08,696,671,25
2021-04-30 7:09,697,674,23
2021-04-30 7:10,699,676,23
2021-04-30 7:11,701,679,22
2021-04-30 7:12,704,681,23
2021-04-30 7:13,706,683,23
2021-04-30 7:14,708,686,22
2021-04-30 7:15,710,688,22
2021-04-30 7:16,712,690,22
2021-04-30 7:17,714,692,22
2021-04-30 7:18,716,694,22
2021-04-30 7:19,718,697,21
2021-04-30 7:20,720,699,21
2021-04-30 7:21,722,701,21
2021-04-30 7:22,724,703,21
2021-04-30 7:23,726,705,21
2021-04-30 7:24,728,707,21
2021-04-30 7:25,730,708,22
2021-04-30 7:26,731,710,21
2021-04-30 7:27,733,712,21
2021-04-30 7:28,735,714,21
2021-04-30 7:29,737,715,22
2021-04-30 7:30,738,717,21
2021-04-30 7:31,739,719,20
2021-04-30 7:32,741,720,21
2021-04-30 7:33,742,722,20
2021-04-30 7:34,744,723,21
2021-04-30 7:35,745,725,20
2021-04-30 7:36,746,726,20
2021-04-30 7:37,748,727,21
2021-04-30 7:38,749,729,20
2021-04-30 7:39,750,730,20
2021-04-30 7:40,751,731,20
2021-04-30 7:41,752,732,20
2021-04-30 7:42,753,734,19
2021-04-30 7:43,754,735,19
2021-04-30 7:44,754,736,18
2021-04-30 7:45,755,737,18
2021-04-30 7:46,756,738,18
2021-04-30 7:47,757,738,19
2021-04-30 7:48,757,739,18
2021-04-30 7:49,758,740,18
2021-04-30 7:50,759,741,18
2021-04-30 7:51,760,742,18
2021-04-30 7:52,761,742,19
2021-04-30 7:53,761,743,18
2021-04-30 7:54,761,743,18
2021-04-30 7:55,761,744,17
2021-04-30 7:56,761,744,17
2021-04-30 7:57,761,745,16
2021-04-30 7:58,761,745,16
2021-04-30 7:59,761,746,15
2021-04-30 8:00,760,746,14
2021-04-30 8:01,760,746,14
2021-04-30 8:02,760,746,14
2021-04-30 8:03,760,747,13
2021-04-30 8:04,760,747,13
2021-04-30 8:05,760,747,13
2021-04-30 8:06,760,747,13
2021-04-30 8:07,760,747,13
2021-04-30 8:08,760,747,13
2021-04-30 8:09,760,747,13
2021-04-30 8:10,760,747,13
2021-04-30 8:11,759,746,13
2021-04-30 8:12,759,746,13
2021-04-30 8:13,758,746,12
2021-04-30 8:14,758,746,12
2021-04-30 8:15,757,745,12
2021-04-30 8:16,757,745,12
2021-04-30 8:17,756,744,12
2021-04-30 8:18,755,744,11
2021-04-30 8:19,755,744,11
2021-04-30 8:20,754,743,11
2021-04-30 8:21,753,742,11
2021-04-30 8:22,752,742,10
2021-04-30 8:23,751,741,10
2021-04-30 8:24,750,740,10
2021-04-30 8:25,749,740,9
2021-04-30 8:26,749,739,10
2021-04-30 8:27,747,738,9
2021-04-30 8:28,747,737,10
2021-04-30 8:29,746,736,10
2021-04-30 8:30,745,735,10
2021-04-30 8:31,744,734,10
2021-04-30 8:32,743,733,10
2021-04-30 8:33,741,732,9
2021-04-30 8:34,740,731,9
2021-04-30 8:35,739,730,9
2021-04-30 8:36,737,729,8
2021-04-30 8:37,736,728,8
2021-04-30 8:38,734,727,7
2021-04-30 8:39,733,725,8
2021-04-30 8:40,732,724,8
2021-04-30 8:41,730,723,7
2021-04-30 8:42,729,721,8
2021-04-30 8:43,728,720,8
2021-04-30 8:44,727,719,8
2021-04-30 8:45,726,717,9
2021-04-30 8:46,725,716,9
2021-04-30 8:47,724,714,10
2021-04-30 8:48,722,713,9
2021-04-30 8:49,720,711,9
2021-04-30 8:50,718,709,9
2021-04-30 8:51,717,708,9
2021-04-30 8:52,715,706,9
2021-04-30 8:53,714,705,9
2021-04-30 8:54,712,703,9
2021-04-30 8:55,711,701,10
2021-04-30 8:56,709,699,10
2021-04-30 8:57,708,698,10
2021-04-30 8:58,706,696,10
2021-04-30 8:59,704,694,10
2021-04-30 9:00,702,692,10
2021-04-30 9:01,700,690,10
2021-04-30 9:02,699,689,10
2021-04-30 9:03,697,687,10
2021-04-30 9:04,695,685,10
2021-04-30 9:05,693,683,10
2021-04-30 9:06,692,681,11
2021-04-30 9:07,690,679,11
2021-04-30 9:08,689,677,12
2021-04-30 9:09,687,675,12
2021-04-30 9:10,686,673,13
2021-04-30 9:11,684,671,13
2021-04-30 9:12,682,669,13
2021-04-30 9:13,680,667,13
2021-04-30 9:14,679,665,14
2021-04-30 9:15,678,662,16
2021-04-30 9:16,676,660,16
2021-04-30 9:17,675,658,17
2021-04-30 9:18,674,656,18
2021-04-30 9:19,672,654,18
2021-04-30 9:20,671,652,19
2021-04-30 9:21,669,650,19
2021-04-30 9:22,668,647,21
2021-04-30 9:23,666,645,21
2021-04-30 9:24,664,643,21
2021-04-30 9:25,662,641,21
2021-04-30 9:26,660,639,21
2021-04-30 9:27,658,636,22
2021-04-30 9:28,656,634,22
2021-04-30 9:29,654,632,22
2021-04-30 9:30,652,630,22
2021-04-30 9:31,650,627,23
2021-04-30 9:32,648,625,23
2021-04-30 9:33,646,623,23
2021-04-30 9:34,644,621,23
2021-04-30 9:35,642,618,24
2021-04-30 9:36,640,616,24
2021-04-30 9:37,639,614,25
2021-04-30 9:38,637,612,25
2021-04-30 9:39,635,609,26
2021-04-30 9:40,633,607,26
2021-04-30 9:41,631,605,26
2021-04-30 9:42,629,602,27
2021-04-30 9:43,627,600,27
2021-04-30 9:44,625,598,27
2021-04-30 9:45,622,596,26
2021-04-30 9:46,621,593,28
2021-04-30 9:47,618,591,27
2021-04-30 9:48,616,589,27
2021-04-30 9:49,615,586,29
2021-04-30 9:50,613,584,29
2021-04-30 9:51,610,582,28
2021-04-30 9:52,608,580,28
2021-04-30 9:53,606,577,29
2021-04-30 9:54,604,575,29
2021-04-30 9:55,602,573,29
2021-04-30 9:56,601,571,30
2021-04-30 9:57,599,568,31
2021-04-30 9:58,597,566,31
2021-04-30 9:59,596,564,32
2021-04-30 10:00,594,562,32
2021-04-30 10:01,592,559,33
2021-04-30 10:02,589,557,32
2021-04-30 10:03,588,555,33
2021-04-30 10:04,585,553,32
2021-04-30 10:05,583,551,32
2021-04-30 10:06,582,548,34
2021-04-30 10:07,579,546,33
2021-04-30 10:08,578,544,34
2021-04-30 10:09,575,542,33
2021-04-30 10:10,573,540,33
2021-04-30 10:11,571,538,33
2021-04-30 10:12,569,536,33
2021-04-30 10:13,566,533,33
2021-04-30 10:14,564,531,33
2021-04-30 10:15,563,529,34
2021-04-30 10:16,561,527,34
2021-04-30 10:17,558,525,33
2021-04-30 10:18,557,523,34
2021-04-30 10:19,554,521,33
2021-04-30 10:20,552,519,33
2021-04-30 10:21,550,517,33
2021-04-30 10:22,548,515,33
2021-04-30 10:23,546,513,33
2021-04-30 10:24,545,511,34
2021-04-30 10:25,543,509,34
2021-04-30 10:26,541,507,34
2021-04-30 10:27,538,505,33
2021-04-30 10:28,536,503,33
2021-04-30 10:29,534,501,33
2021-04-30 10:30,532,499,33
2021-04-30 10:31,530,497,33
2021-04-30 10:32,528,495,33
2021-04-30 10:33,526,493,33
2021-04-30 10:34,525,491,34
2021-04-30 10:35,523,489,34
2021-04-30 10:36,521,488,33
2021-04-30 10:37,518,486,32
2021-04-30 10:38,516,484,32
2021-04-30 10:39,514,482,32
2021-04-30 10:40,512,480,32
2021-04-30 10:41,510,478,32
2021-04-30 10:42,508,477,31
2021-04-30 10:43,506,475,31
2021-04-30 10:44,504,473,31
2021-04-30 10:45,503,471,32
2021-04-30 10:46,500,469,31
2021-04-30 10:47,498,468,30
2021-04-30 10:48,496,466,30
2021-04-30 10:49,495,464,31
2021-04-30 10:50,492,463,29
2021-04-30 10:51,491,461,30
2021-04-30 10:52,489,459,30
2021-04-30 10:53,487,458,29
2021-04-30 10:54,485,456,29
2021-04-30 10:55,483,454,29
2021-04-30 10:56,481,453,28
2021-04-30 10:57,479,451,28
2021-04-30 10:58,477,449,28
2021-04-30 10:59,475,448,27
2021-04-30 11:00,473,446,27
2021-04-30 11:01,471,445,26
2021-04-30 11:02,469,443,26
2021-04-30 11:03,467,441,26
2021-04-30 11:04,466,440,26
2021-04-30 11:05,464,438,26
2021-04-30 11:06,462,437,25
2021-04-30 11:07,460,435,25
2021-04-30 11:08,458,434,24
2021-04-30 11:09,456,432,24
2021-04-30 11:10,454,431,23
2021-04-30 11:11,452,429,23
2021-04-30 11:12,450,428,22
2021-04-30 11:13,448,426,22
2021-04-30 11:14,446,425,21
2021-04-30 11:15,445,423,22
2021-04-30 11:16,443,422,21
2021-04-30 11:17,441,420,21
2021-04-30 11:18,438,419,19
2021-04-30 11:19,437,417,20
2021-04-30 11:20,435,416,19
2021-04-30 11:21,433,415,18
2021-04-30 11:22,431,413,18
2021-04-30 11:23,430,412,18
2021-04-30 11:24,428,410,18
2021-04-30 11:25,426,409,17
2021-04-30 11:26,424,407,17
2021-04-30 11:27,422,406,16
2021-04-30 11:28,420,405,15
2021-04-30 11:29,418,403,15
2021-04-30 11:30,416,402,14
2021-04-30 11:31,415,401,14
2021-04-30 11:32,413,399,14
2021-04-30 11:33,412,398,14
2021-04-30 11:34,410,396,14
2021-04-30 11:35,408,395,13
2021-04-30 11:36,406,394,12
2021-04-30 11:37,405,392,13
2021-04-30 11:38,403,391,12
2021-04-30 11:39,401,390,11
2021-04-30 11:40,399,388,11
2021-04-30 11:41,397,387,10
2021-04-30 11:42,395,386,9
2021-04-30 11:43,394,384,10
2021-04-30 11:44,392,383,9
2021-04-30 11:45,390,382,8
2021-04-30 11:46,389,380,9
2021-04-30 11:47,387,379,8
2021-04-30 11:48,385,378,7
2021-04-30 11:49,384,376,8
2021-04-30 11:50,382,375,7
2021-04-30 11:51,380,374,6
2021-04-30 11:52,379,372,7
2021-04-30 11:53,378,371,7
2021-04-30 11:54,376,370,6
2021-04-30 11:55,375,368,7
2021-04-30 11:56,373,367,6
2021-04-30 11:57,371,366,5
2021-04-30 11:58,370,364,6
2021-04-30 11:59,368,363,5
2021-04-30 12:00,367,362,5
2021-04-30 12:01,365,360,5
2021-04-30 12:02,363,359,4
2021-04-30 12:03,362,358,4
2021-04-30 12:04,360,356,4
2021-04-30 12:05,359,355,4
2021-04-30 12:06,358,354,4
2021-04-30 12:07,356,352,4
2021-04-30 12:08,355,351,4
2021-04-30 12:09,353,350,3
2021-04-30 12:10,352,348,4
2021-04-30 12:11,350,347,3
2021-04-30 12:12,349,346,3
2021-04-30 12:13,347,344,3
2021-04-30 12:14,345,343,2
2021-04-30 12:15,344,341,3
2021-04-30 12:16,342,340,2
2021-04-30 12:17,341,339,2
2021-04-30 12:18,340,337,3
2021-04-30 12:19,338,336,2
2021-04-30 12:20,337,335,2
2021-04-30 12:21,336,333,3
2021-04-30 12:22,334,332,2
2021-04-30 12:23,333,330,3
2021-04-30 12:24,332,329,3
2021-04-30 12:25,330,328,2
2021-04-30 12:26,329,326,3
2021-04-30 12:27,327,325,2
2021-04-30 12:28,326,323,3
2021-04-30 12:29,325,322,3
2021-04-30 12:30,323,321,2
2021-04-30 12:31,322,319,3
2021-04-30 12:32,320,318,2
2021-04-30 12:33,319,316,3
2021-04-30 12:34,318,315,3
2021-04-30 12:35,317,313,4
2021-04-30 12:36,316,312,4
2021-04-30 12:37,315,311,4
2021-04-30 12:38,313,309,4
2021-04-30 12:39,312,308,4
2021-04-30 12:40,310,306,4
2021-04-30 12:41,309,305,4
2021-04-30 12:42,308,303,5
2021-04-30 12:43,307,302,5
2021-04-30 12:44,305,300,5
2021-04-30 12:45,304,299,5
2021-04-30 12:46,302,297,5
2021-04-30 12:47,301,296,5
2021-04-30 12:48,300,294,6
2021-04-30 12:49,299,293,6
2021-04-30 12:50,298,291,7
2021-04-30 12:51,297,290,7
2021-04-30 12:52,295,289,6
2021-04-30 12:53,294,287,7
2021-04-30 12:54,293,286,7
2021-04-30 12:55,292,284,8
2021-04-30 12:56,290,282,8
2021-04-30 12:57,289,281,8
2021-04-30 12:58,288,279,9
2021-04-30 12:59,286,278,8
2021-04-30 13:00,285,276,9
2021-04-30 13:01,283,275,8
2021-04-30 13:02,283,273,10
2021-04-30 13:03,281,272,9
2021-04-30 13:04,280,270,10
2021-04-30 13:05,279,269,10
2021-04-30 13:06,278,267,11
2021-04-30 13:07,277,266,11
2021-04-30 13:08,276,264,12
2021-04-30 13:09,274,263,11
2021-04-30 13:10,273,261,12
2021-04-30 13:11,272,260,12
2021-04-30 13:12,271,258,13
2021-04-30 13:13,269,257,12
2021-04-30 13:14,268,255,13
2021-04-30 13:15,267,253,14
2021-04-30 13:16,266,252,14
2021-04-30 13:17,264,250,14
2021-04-30 13:18,263,249,14
2021-04-30 13:19,262,247,15
2021-04-30 13:20,261,246,15
2021-04-30 13:21,260,244,16
2021-04-30 13:22,259,243,16
2021-04-30 13:23,258,241,17
2021-04-30 13:24,256,240,16
2021-04-30 13:25,255,238,17
2021-04-30 13:26,254,237,17
2021-04-30 13:27,253,235,18
2021-04-30 13:28,252,234,18
2021-04-30 13:29,250,232,18
2021-04-30 13:30,249,231,18
2021-04-30 13:31,248,229,19
2021-04-30 13:32,247,227,20
2021-04-30 13:33,246,226,20
2021-04-30 13:34,245,224,21
2021-04-30 13:35,244,223,21
2021-04-30 13:36,242,221,21
2021-04-30 13:37,242,220,22
2021-04-30 13:38,240,218,22
2021-04-30 13:39,240,217,23
2021-04-30 13:40,238,215,23
2021-04-30 13:41,237,214,23
2021-04-30 13:42,236,213,23
2021-04-30 13:43,235,211,24
2021-04-30 13:44,233,210,23
2021-04-30 13:45,232,208,24
2021-04-30 13:46,231,207,24
2021-04-30 13:47,230,205,25
2021-04-30 13:48,229,204,25
2021-04-30 13:49,227,202,25
2021-04-30 13:50,227,201,26
2021-04-30 13:51,225,199,26
2021-04-30 13:52,225,198,27
2021-04-30 13:53,223,197,26
2021-04-30 13:54,223,195,28
2021-04-30 13:55,221,194,27
2021-04-30 13:56,220,192,28
2021-04-30 13:57,219,191,28
2021-04-30 13:58,218,190,28
2021-04-30 13:59,217,188,29
2021-04-30 14:00,216,187,29
2021-04-30 14:01,215,186,29
2021-04-30 14:02,214,184,30
2021-04-30 14:03,212,183,29
2021-04-30 14:04,211,181,30
2021-04-30 14:05,210,180,30
2021-04-30 14:06,209,179,30
2021-04-30 14:07,208,178,30
2021-04-30 14:08,207,176,31
2021-04-30 14:09,206,175,31
2021-04-30 14:10,205,174,31
2021-04-30 14:11,204,172,32
2021-04-30 14:12,204,171,33
2021-04-30 14:13,203,170,33
2021-04-30 14:14,202,169,33
2021-04-30 14:15,201,167,34
2021-04-30 14:16,199,166,33
2021-04-30 14:17,198,165,33
2021-04-30 14:18,197,164,33
2021-04-30 14:19,196,163,33
2021-04-30 14:20,195,161,34
2021-04-30 14:21,194,160,34
2021-04-30 14:22,193,159,34
2021-04-30 14:23,191,158,33
2021-04-30 14:24,191,157,34
2021-04-30 14:25,190,156,34
2021-04-30 14:26,188,155,33
2021-04-30 14:27,188,154,34
2021-04-30 14:28,187,153,34
2021-04-30 14:29,185,151,34
2021-04-30 14:30,185,150,35
2021-04-30 14:31,184,149,35
2021-04-30 14:32,183,148,35
2021-04-30 14:33,182,147,35
2021-04-30 14:34,180,146,34
2021-04-30 14:35,179,145,34
2021-04-30 14:36,178,144,34
2021-04-30 14:37,177,143,34
2021-04-30 14:38,176,143,33
2021-04-30 14:39,175,142,33
2021-04-30 14:40,174,141,33
2021-04-30 14:41,173,140,33
2021-04-30 14:42,172,139,33
2021-04-30 14:43,171,138,33
2021-04-30 14:44,170,137,33
2021-04-30 14:45,169,136,33
2021-04-30 14:46,168,135,33
2021-04-30 14:47,167,135,32
2021-04-30 14:48,166,134,32
2021-04-30 14:49,165,133,32
2021-04-30 14:50,164,132,32
2021-04-30 14:51,163,132,31
2021-04-30 14:52,162,131,31
2021-04-30 14:53,161,130,31
2021-04-30 14:54,160,129,31
2021-04-30 14:55,160,129,31
2021-04-30 14:56,159,128,31
2021-04-30 14:57,158,127,31
2021-04-30 14:58,157,127,30
2021-04-30 14:59,156,126,30
2021-04-30 15:00,155,126,29
2021-04-30 15:01,154,125,29
2021-04-30 15:02,153,124,29
2021-04-30 15:03,152,124,28
2021-04-30 15:04,151,123,28
2021-04-30 15:05,150,123,27
2021-04-30 15:06,150,122,28
2021-04-30 15:07,148,122,26
2021-04-30 15:08,148,121,27
2021-04-30 15:09,147,121,26
2021-04-30 15:10,146,120,26
2021-04-30 15:11,145,120,25
2021-04-30 15:12,144,120,24
2021-04-30 15:13,143,119,24
2021-04-30 15:14,142,119,23
2021-04-30 15:15,141,118,23
2021-04-30 15:16,140,118,22
2021-04-30 15:17,139,118,21
2021-04-30 15:18,138,118,20
2021-04-30 15:19,137,117,20
2021-04-30 15:20,136,117,19
2021-04-30 15:21,136,117,19
2021-04-30 15:22,134,117,17
2021-04-30 15:23,133,116,17
2021-04-30 15:24,133,116,17
2021-04-30 15:25,132,116,16
2021-04-30 15:26,131,116,15
2021-04-30 15:27,130,116,14
2021-04-30 15:28,130,116,14
2021-04-30 15:29,129,115,14
2021-04-30 15:30,128,115,13
2021-04-30 15:31,127,115,12
2021-04-30 15:32,126,115,11
2021-04-30 15:33,126,115,11
2021-04-30 15:34,125,115,10
2021-04-30 15:35,124,115,9
2021-04-30 15:36,123,115,8
2021-04-30 15:37,122,115,7
2021-04-30 15:38,121,115,6
2021-04-30 15:39,121,116,5
2021-04-30 15:40,120,116,4
2021-04-30 15:41,120,116,4
2021-04-30 15:42,119,116,3
2021-04-30 15:43,118,116,2
2021-04-30 15:44,118,116,2
2021-04-30 15:45,117,117,0
2021-04-30 15:46,117,117,0
2021-04-30 15:47,116,117,-1
2021-04-30 15:48,116,117,-1
2021-04-30 15:49,115,118,-3
2021-04-30 15:50,115,118,-3
2021-04-30 15:51,115,118,-3
2021-04-30 15:52,115,119,-4
2021-04-30 15:53,114,119,-5
2021-04-30 15:54,114,119,-5
2021-04-30 15:55,114,120,-6
2021-04-30 15:56,114,120,-6
2021-04-30 15:57,114,121,-7
2021-04-30 15:58,114,121,-7
2021-04-30 15:59,114,122,-8
2021-04-30 16:00,114,122,-8
2021-04-30 16:01,114,123,-9
2021-04-30 16:02,114,123,-9
2021-04-30 16:03,115,124,-9
2021-04-30 16:04,115,125,-10
2021-04-30 16:05,116,125,-9
2021-04-30 16:06,116,126,-10
2021-04-30 16:07,117,127,-10
2021-04-30 16:08,119,127,-8
2021-04-30 16:09,120,128,-8
2021-04-30 16:10,121,129,-8
2021-04-30 16:11,123,130,-7
2021-04-30 16:12,125,130,-5
2021-04-30 16:13,127,131,-4
2021-04-30 16:14,130,132,-2
2021-04-30 16:15,132,133,-1
2021-04-30 16:16,135,134,1
2021-04-30 16:17,138,135,3
2021-04-30 16:18,141,135,6
2021-04-30 16:19,145,136,9
2021-04-30 16:20,148,137,11
2021-04-30 16:21,150,138,12
2021-04-30 16:22,153,139,14
2021-04-30 16:23,156,140,16
2021-04-30 16:24,159,141,18
2021-04-30 16:25,161,143,18
2021-04-30 16:26,164,144,20
2021-04-30 16:27,166,145,21
2021-04-30 16:28,168,146,22
2021-04-30 16:29,170,147,23
2021-04-30 16:30,172,148,24
2021-04-30 16:31,174,150,24
2021-04-30 16:32,176,151,25
2021-04-30 16:33,178,152,26
2021-04-30 16:34,180,153,27
2021-04-30 16:35,181,155,26
2021-04-30 16:36,183,156,27
2021-04-30 16:37,185,157,28
2021-04-30 16:38,186,159,27
2021-04-30 16:39,188,160,28
2021-04-30 16:40,189,161,28
2021-04-30 16:41,191,163,28
2021-04-30 16:42,192,164,28
2021-04-30 16:43,194,166,28
2021-04-30 16:44,195,167,28
2021-04-30 16:45,197,169,28
2021-04-30 16:46,198,171,27
2021-04-30 16:47,199,172,27
2021-04-30 16:48,201,174,27
2021-04-30 16:49,202,175,27
2021-04-30 16:50,204,177,27
2021-04-30 16:51,205,179,26
2021-04-30 16:52,206,180,26
2021-04-30 16:53,207,182,25
2021-04-30 16:54,209,184,25
2021-04-30 16:55,210,186,24
2021-04-30 16:56,211,187,24
2021-04-30 16:57,213,189,24
2021-04-30 16:58,214,191,23
2021-04-30 16:59,215,193,22
2021-04-30 17:00,217,195,22
2021-04-30 17:01,218,197,21
2021-04-30 17:02,219,199,20
2021-04-30 17:03,220,201,19
2021-04-30 17:04,221,203,18
2021-04-30 17:05,223,205,18
2021-04-30 17:06,224,207,17
2021-04-30 17:07,225,209,16
2021-04-30 17:08,226,211,15
2021-04-30 17:09,227,213,14
2021-04-30 17:10,228,215,13
2021-04-30 17:11,229,217,12
2021-04-30 17:12,230,219,11
2021-04-30 17:13,232,221,11
2021-04-30 17:14,233,224,9
2021-04-30 17:15,235,226,9
2021-04-30 17:16,236,228,8
2021-04-30 17:17,238,230,8
2021-04-30 17:18,239,233,6
2021-04-30 17:19,241,235,6
2021-04-30 17:20,242,237,5
2021-04-30 17:21,243,240,3
2021-04-30 17:22,245,242,3
2021-04-30 17:23,246,244,2
2021-04-30 17:24,248,247,1
2021-04-30 17:25,249,249,0
2021-04-30 17:26,251,252,-1
2021-04-30 17:27,252,254,-2
2021-04-30 17:28,254,257,-3
2021-04-30 17:29,256,259,-3
2021-04-30 17:30,258,262,-4
2021-04-30 17:31,259,264,-5
2021-04-30 17:32,261,267,-6
2021-04-30 17:33,263,269,-6
2021-04-30 17:34,265,272,-7
2021-04-30 17:35,267,275,-8
2021-04-30 17:36,268,277,-9
2021-04-30 17:37,270,280,-10
2021-04-30 17:38,272,283,-11
2021-04-30 17:39,275,285,-10
2021-04-30 17:40,277,288,-11
2021-04-30 17:41,280,291,-11
2021-04-30 17:42,282,294,-12
2021-04-30 17:43,284,296,-12
2021-04-30 17:44,287,299,-12
2021-04-30 17:45,290,302,-12
2021-04-30 17:46,293,305,-12
2021-04-30 17:47,296,307,-11
2021-04-30 17:48,298,310,-12
2021-04-30 17:49,301,313,-12
2021-04-30 17:50,304,316,-12
2021-04-30 17:51,307,319,-12
2021-04-30 17:52,310,322,-12
2021-04-30 17:53,313,325,-12
2021-04-30 17:54,316,328,-12
2021-04-30 17:55,319,331,-12
2021-04-30 17:56,322,333,-11
2021-04-30 17:57,325,336,-11
2021-04-30 17:58,329,339,-10
2021-04-30 17:59,332,342,-10
2021-04-30 18:00,334,345,-11
2021-04-30 18:01,337,348,-11
2021-04-30 18:02,340,351,-11
2021-04-30 18:03,343,354,-11
2021-04-30 18:04,346,357,-11
2021-04-30 18:05,349,360,-11
2021-04-30 18:06,352,363,-11
2021-04-30 18:07,355,366,-11
2021-04-30 18:08,358,370,-12
2021-04-30 18:09,361,373,-12
2021-04-30 18:10,364,376,-12
2021-04-30 18:11,367,379,-12
2021-04-30 18:12,369,382,-13
2021-04-30 18:13,372,385,-13
2021-04-30 18:14,375,388,-13
2021-04-30 18:15,377,391,-14
2021-04-30 18:16,379,394,-15
2021-04-30 18:17,382,397,-15
2021-04-30 18:18,385,400,-15
2021-04-30 18:19,388,403,-15
2021-04-30 18:20,390,407,-17
2021-04-30 18:21,392,410,-18
2021-04-30 18:22,395,413,-18
2021-04-30 18:23,397,416,-19
2021-04-30 18:24,400,419,-19
2021-04-30 18:25,402,422,-20
2021-04-30 18:26,405,425,-20
2021-04-30 18:27,407,428,-21
2021-04-30 18:28,410,431,-21
2021-04-30 18:29,412,434,-22
2021-04-30 18:30,415,438,-23
2021-04-30 18:31,418,441,-23
2021-04-30 18:32,421,444,-23
2021-04-30 18:33,424,447,-23
2021-04-30 18:34,426,450,-24
2021-04-30 18:35,429,453,-24
2021-04-30 18:36,431,456,-25
2021-04-30 18:37,433,459,-26
2021-04-30 18:38,436,462,-26
2021-04-30 18:39,439,465,-26
2021-04-30 18:40,442,468,-26
2021-04-30 18:41,445,471,-26
2021-04-30 18:42,447,474,-27
2021-04-30 18:43,450,477,-27
2021-04-30 18:44,452,480,-28
2021-04-30 18:45,455,483,-28
2021-04-30 18:46,458,486,-28
2021-04-30 18:47,461,489,-28
2021-04-30 18:48,464,492,-28
2021-04-30 18:49,466,495,-29
2021-04-30 18:50,469,498,-29
2021-04-30 18:51,471,501,-30
2021-04-30 18:52,474,504,-30
2021-04-30 18:53,476,506,-30
2021-04-30 18:54,479,509,-30
2021-04-30 18:55,481,512,-31
2021-04-30 18:56,484,515,-31
2021-04-30 18:57,486,518,-32
2021-04-30 18:58,489,521,-32
2021-04-30 18:59,491,523,-32
2021-04-30 19:00,494,526,-32
2021-04-30 19:01,496,529,-33
2021-04-30 19:02,499,531,-32
2021-04-30 19:03,502,534,-32
2021-04-30 19:04,504,537,-33
2021-04-30 19:05,506,539,-33
2021-04-30 19:06,509,542,-33
2021-04-30 19:07,511,545,-34
2021-04-30 19:08,514,547,-33
2021-04-30 19:09,516,550,-34
2021-04-30 19:10,519,552,-33
2021-04-30 19:11,521,555,-34
2021-04-30 19:12,524,557,-33
2021-04-30 19:13,526,560,-34
2021-04-30 19:14,528,562,-34
2021-04-30 19:15,531,565,-34
2021-04-30 19:16,534,567,-33
2021-04-30 19:17,536,569,-33
2021-04-30 19:18,538,572,-34
2021-04-30 19:19,541,574,-33
2021-04-30 19:20,543,576,-33
2021-04-30 19:21,545,578,-33
2021-04-30 19:22,547,580,-33
2021-04-30 19:23,550,583,-33
2021-04-30 19:24,552,585,-33
2021-04-30 19:25,554,587,-33
2021-04-30 19:26,557,589,-32
2021-04-30 19:27,559,591,-32
2021-04-30 19:28,561,593,-32
2021-04-30 19:29,562,595,-33
2021-04-30 19:30,564,597,-33
2021-04-30 19:31,566,599,-33
2021-04-30 19:32,568,601,-33
2021-04-30 19:33,570,602,-32
2021-04-30 19:34,571,604,-33
2021-04-30 19:35,573,606,-33
2021-04-30 19:36,575,608,-33
2021-04-30 19:37,577,609,-32
2021-04-30 19:38,579,611,-32
2021-04-30 19:39,580,613,-33
2021-04-30 19:40,582,614,-32
2021-04-30 19:41,584,616,-32
2021-04-30 19:42,586,617,-31
2021-04-30 19:43,588,619,-31
2021-04-30 19:44,590,620,-30
2021-04-30 19:45,592,622,-30
2021-04-30 19:46,594,623,-29
2021-04-30 19:47,596,624,-28
2021-04-30 19:48,597,626,-29
2021-04-30 19:49,599,627,-28
2021-04-30 19:50,600,628,-28
2021-04-30 19:51,602,629,-27
2021-04-30 19:52,604,631,-27
2021-04-30 19:53,605,632,-27
2021-04-30 19:54,607,633,-26
2021-04-30 19:55,608,634,-26
2021-04-30 19:56,610,635,-25
2021-04-30 19:57,611,636,-25
2021-04-30 19:58,613,637,-24
2021-04-30 19:59,615,637,-22
2021-04-30 20:00,616,638,-22
2021-04-30 20:01,617,639,-22
2021-04-30 20:02,618,640,-22
2021-04-30 20:03,619,641,-22
2021-04-30 20:04,620,641,-21
2021-04-30 20:05,621,642,-21
2021-04-30 20:06,622,642,-20
2021-04-30 20:07,623,643,-20
2021-04-30 20:08,624,643,-19
2021-04-30 20:09,625,644,-19
2021-04-30 20:10,626,644,-18
2021-04-30 20:11,627,645,-18
2021-04-30 20:12,628,645,-17
2021-04-30 20:13,629,645,-16
2021-04-30 20:14,629,646,-17
2021-04-30 20:15,630,646,-16
2021-04-30 20:16,631,646,-15
2021-04-30 20:17,631,646,-15
2021-04-30 20:18,632,646,-14
2021-04-30 20:19,632,646,-14
2021-04-30 20:20,633,646,-13
2021-04-30 20:21,633,646,-13
2021-04-30 20:22,633,646,-13
2021-04-30 20:23,634,646,-12
2021-04-30 20:24,635,646,-11
2021-04-30 20:25,635,646,-11
2021-04-30 20:26,635,646,-11
2021-04-30 20:27,636,645,-9
2021-04-30 20:28,636,645,-9
2021-04-30 20:29,636,645,-9
2021-04-30 20:30,636,644,-8
2021-04-30 20:31,636,644,-8
2021-04-30 20:32,636,644,-8
2021-04-30 20:33,636,643,-7
2021-04-30 20:34,636,643,-7
2021-04-30 20:35,636,642,-6
2021-04-30 20:36,636,641,-5
2021-04-30 20:37,636,641,-5
2021-04-30 20:38,636,640,-4
2021-04-30 20:39,635,639,-4
2021-04-30 20:40,635,639,-4
2021-04-30 20:41,634,638,-4
2021-04-30 20:42,634,637,-3
2021-04-30 20:43,633,636,-3
2021-04-30 20:44,632,635,-3
2021-04-30 20:45,631,635,-4
2021-04-30 20:46,630,634,-4
2021-04-30 20:47,629,633,-4
2021-04-30 20:48,628,632,-4
2021-04-30 20:49,627,631,-4
2021-04-30 20:50,626,630,-4
2021-04-30 20:51,625,628,-3
2021-04-30 20:52,623,627,-4
2021-04-30 20:53,622,626,-4
2021-04-30 20:54,621,625,-4
2021-04-30 20:55,620,624,-4
2021-04-30 20:56,618,622,-4
2021-04-30 20:57,617,621,-4
2021-04-30 20:58,616,620,-4
2021-04-30 20:59,614,619,-5
2021-04-30 21:00,613,617,-4
2021-04-30 21:01,611,616,-5
2021-04-30 21:02,609,614,-5
2021-04-30 21:03,608,613,-5
2021-04-30 21:04,606,611,-5
2021-04-30 21:05,604,610,-6
2021-04-30 21:06,603,608,-5
2021-04-30 21:07,601,607,-6
2021-04-30 21:08,600,605,-5
2021-04-30 21:09,598,604,-6
2021-04-30 21:10,597,602,-5
2021-04-30 21:11,595,601,-6
2021-04-30 21:12,593,599,-6
2021-04-30 21:13,591,597,-6
2021-04-30 21:14,589,595,-6
2021-04-30 21:15,588,594,-6
2021-04-30 21:16,586,592,-6
2021-04-30 21:17,584,590,-6
2021-04-30 21:18,582,588,-6
2021-04-30 21:19,581,587,-6
2021-04-30 21:20,579,585,-6
2021-04-30 21:21,577,583,-6
2021-04-30 21:22,575,581,-6
2021-04-30 21:23,573,579,-6
2021-04-30 21:24,571,577,-6
2021-04-30 21:25,569,575,-6
2021-04-30 21:26,567,574,-7
2021-04-30 21:27,565,572,-7
2021-04-30 21:28,564,570,-6
2021-04-30 21:29,562,568,-6
2021-04-30 21:30,560,566,-6
2021-04-30 21:31,559,564,-5
2021-04-30 21:32,558,562,-4
2021-04-30 21:33,556,560,-4
2021-04-30 21:34,554,558,-4
2021-04-30 21:35,553,556,-3
2021-04-30 21:36,551,554,-3
2021-04-30 21:37,550,552,-2
2021-04-30 21:38,548,549,-1
2021-04-30 21:39,546,547,-1
2021-04-30 21:40,-,545,-
2021-04-30 21:41,543,543,0
2021-04-30 21:42,542,541,1
2021-04-30 21:43,540,539,1
2021-04-30 21:44,539,537,2
2021-04-30 21:45,537,535,2
2021-04-30 21:46,535,533,2
2021-04-30 21:47,533,531,2
2021-04-30 21:48,531,528,3
2021-04-30 21:49,529,526,3
2021-04-30 21:50,528,524,4
2021-04-30 21:51,526,522,4
2021-04-30 21:52,525,520,5
2021-04-30 21:53,523,518,5
2021-04-30 21:54,521,516,5
2021-04-30 21:55,519,513,6
2021-04-30 21:56,517,511,6
2021-04-30 21:57,515,509,6
2021-04-30 21:58,513,507,6
2021-04-30 21:59,511,505,6
2021-04-30 22:00,509,503,6
2021-04-30 22:01,507,501,6
2021-04-30 22:02,505,498,7
2021-04-30 22:03,504,496,8
2021-04-30 22:04,502,494,8
2021-04-30 22:05,500,492,8
2021-04-30 22:06,498,490,8
2021-04-30 22:07,496,488,8
2021-04-30 22:08,494,486,8
2021-04-30 22:09,492,483,9
2021-04-30 22:10,490,481,9
2021-04-30 22:11,489,479,10
2021-04-30 22:12,487,477,10
2021-04-30 22:13,485,475,10
2021-04-30 22:14,483,473,10
2021-04-30 22:15,481,471,10
2021-04-30 22:16,479,469,10
2021-04-30 22:17,477,467,10
2021-04-30 22:18,475,465,10
2021-04-30 22:19,473,463,10
2021-04-30 22:20,471,460,11
2021-04-30 22:21,470,458,12
2021-04-30 22:22,468,456,12
2021-04-30 22:23,467,454,13
2021-04-30 22:24,465,452,13
2021-04-30 22:25,463,450,13
2021-04-30 22:26,461,448,13
2021-04-30 22:27,459,446,13
2021-04-30 22:28,457,444,13
2021-04-30 22:29,455,442,13
2021-04-30 22:30,454,440,14
2021-04-30 22:31,452,438,14
2021-04-30 22:32,450,436,14
2021-04-30 22:33,448,435,13
2021-04-30 22:34,447,433,14
2021-04-30 22:35,445,431,14
2021-04-30 22:36,443,429,14
2021-04-30 22:37,441,427,14
2021-04-30 22:38,440,425,15
2021-04-30 22:39,438,423,15
2021-04-30 22:40,436,421,15
2021-04-30 22:41,434,419,15
2021-04-30 22:42,432,418,14
2021-04-30 22:43,431,416,15
2021-04-30 22:44,429,414,15
2021-04-30 22:45,428,412,16
2021-04-30 22:46,426,410,16
2021-04-30 22:47,424,409,15
2021-04-30 22:48,422,407,15
2021-04-30 22:49,421,405,16
2021-04-30 22:50,419,403,16
2021-04-30 22:51,417,402,15
2021-04-30 22:52,416,400,16
2021-04-30 22:53,414,398,16
2021-04-30 22:54,413,396,17
2021-04-30 22:55,411,395,16
2021-04-30 22:56,409,393,16
2021-04-30 22:57,408,391,17
2021-04-30 22:58,406,390,16
2021-04-30 22:59,405,388,17
2021-04-30 23:00,403,387,16
2021-04-30 23:01,401,385,16
2021-04-30 23:02,399,383,16
2021-04-30 23:03,397,382,15
2021-04-30 23:04,396,380,16
2021-04-30 23:05,394,379,15
2021-04-30 23:06,393,377,16
2021-04-30 23:07,391,376,15
2021-04-30 23:08,389,374,15
2021-04-30 23:09,388,372,16
2021-04-30 23:10,386,371,15
2021-04-30 23:11,384,369,15
2021-04-30 23:12,382,368,14
2021-04-30 23:13,380,367,13
2021-04-30 23:14,379,365,14
2021-04-30 23:15,377,364,13
2021-04-30 23:16,375,362,13
2021-04-30 23:17,374,361,13
2021-04-30 23:18,372,359,13
2021-04-30 23:19,371,358,13
2021-04-30 23:20,369,357,12
2021-04-30 23:21,368,355,13
2021-04-30 23:22,366,354,12
2021-04-30 23:23,365,352,13
2021-04-30 23:24,363,351,12
2021-04-30 23:25,361,350,11
2021-04-30 23:26,360,348,12
2021-04-30 23:27,358,347,11
2021-04-30 23:28,357,346,11
2021-04-30 23:29,356,344,12
2021-04-30 23:30,354,343,11
2021-04-30 23:31,353,342,11
2021-04-30 23:32,351,340,11
2021-04-30 23:33,350,339,11
2021-04-30 23:34,348,338,10
2021-04-30 23:35,347,337,10
2021-04-30 23:36,345,335,10
2021-04-30 23:37,344,334,10
2021-04-30 23:38,342,333,9
2021-04-30 23:39,341,332,9
2021-04-30 23:40,339,330,9
2021-04-30 23:41,338,329,9
2021-04-30 23:42,337,328,9
2021-04-30 23:43,335,327,8
2021-04-30 23:44,334,326,8
2021-04-30 23:45,333,324,9
2021-04-30 23:46,331,323,8
2021-04-30 23:47,329,322,7
2021-04-30 23:48,328,321,7
2021-04-30 23:49,327,320,7
2021-04-30 23:50,325,319,6
2021-04-30 23:51,323,317,6
2021-04-30 23:52,322,316,6
2021-04-30 23:53,320,315,5
2021-04-30 23:54,319,314,5
2021-04-30 23:55,318,313,5
2021-04-30 23:56,316,312,4
2021-04-30 23:57,315,310,5
2021-04-30 23:58,314,309,5
2021-04-30 23:59,312,308,4
2021-05-01 0:00,311,307,4
