관측시간,실측조위(Cm),예측조위(Cm),잔차(Cm)
2022-04-29 0:00,75,81,-6
2022-04-29 0:01,74,81,-7
2022-04-29 0:02,73,81,-8
2022-04-29 0:03,72,81,-9
2022-04-29 0:04,72,81,-9
2022-04-29 0:05,71,81,-10
2022-04-29 0:06,71,82,-11
2022-04-29 0:07,70,82,-12
2022-04-29 0:08,69,82,-13
2022-04-29 0:09,69,82,-13
2022-04-29 0:10,68,82,-14
2022-04-29 0:11,68,83,-15
2022-04-29 0:12,67,83,-16
2022-04-29 0:13,67,83,-16
2022-04-29 0:14,66,84,-18
2022-04-29 0:15,66,84,-18
2022-04-29 0:16,66,84,-18
2022-04-29 0:17,66,85,-19
2022-04-29 0:18,65,85,-20
2022-04-29 0:19,65,85,-20
2022-04-29 0:20,65,86,-21
2022-04-29 0:21,66,86,-20
2022-04-29 0:22,66,87,-21
2022-04-29 0:23,66,87,-21
2022-04-29 0:24,66,88,-22
2022-04-29 0:25,67,88,-21
2022-04-29 0:26,68,89,-21
2022-04-29 0:27,68,89,-21
2022-04-29 0:28,70,90,-20
2022-04-29 0:29,71,90,-19
2022-04-29 0:30,72,91,-19
2022-04-29 0:31,74,92,-18
2022-04-29 0:32,75,92,-17
2022-04-29 0:33,77,93,-16
2022-04-29 0:34,79,94,-15
2022-04-29 0:35,80,94,-14
2022-04-29 0:36,82,95,-13
2022-04-29 0:37,84,96,-12
2022-04-29 0:38,86,97,-11
2022-04-29 0:39,88,97,-9
2022-04-29 0:40,89,98,-9
2022-04-29 0:41,91,99,-8
2022-04-29 0:42,92,100,-8
2022-04-29 0:43,93,101,-8
2022-04-29 0:44,95,102,-7
2022-04-29 0:45,96,103,-7
2022-04-29 0:46,98,104,-6
2022-04-29 0:47,99,104,-5
2022-04-29 0:48,101,105,-4
2022-04-29 0:49,102,106,-4
2022-04-29 0:50,104,107,-3
2022-04-29 0:51,105,108,-3
2022-04-29 0:52,107,109,-2
2022-04-29 0:53,108,111,-3
2022-04-29 0:54,109,112,-3
2022-04-29 0:55,111,113,-2
2022-04-29 0:56,112,114,-2
2022-04-29 0:57,114,115,-1
2022-04-29 0:58,116,116,0
2022-04-29 0:59,117,117,0
2022-04-29 1:00,119,118,1
2022-04-29 1:01,120,120,0
2022-04-29 1:02,121,121,0
2022-04-29 1:03,123,122,1
2022-04-29 1:04,124,123,1
2022-04-29 1:05,126,125,1
2022-04-29 1:06,127,126,1
2022-04-29 1:07,128,127,1
2022-04-29 1:08,130,129,1
2022-04-29 1:09,131,130,1
2022-04-29 1:10,132,131,1
2022-04-29 1:11,133,133,0
2022-04-29 1:12,134,134,0
2022-04-29 1:13,136,136,0
2022-04-29 1:14,137,137,0
2022-04-29 1:15,138,139,-1
2022-04-29 1:16,139,140,-1
2022-04-29 1:17,141,142,-1
2022-04-29 1:18,142,143,-1
2022-04-29 1:19,143,145,-2
2022-04-29 1:20,145,146,-1
2022-04-29 1:21,146,148,-2
2022-04-29 1:22,147,150,-3
2022-04-29 1:23,148,151,-3
2022-04-29 1:24,149,153,-4
2022-04-29 1:25,151,155,-4
2022-04-29 1:26,151,156,-5
2022-04-29 1:27,153,158,-5
2022-04-29 1:28,155,160,-5
2022-04-29 1:29,156,162,-6
2022-04-29 1:30,158,163,-5
2022-04-29 1:31,159,165,-6
2022-04-29 1:32,161,167,-6
2022-04-29 1:33,162,169,-7
2022-04-29 1:34,164,171,-7
2022-04-29 1:35,166,173,-7
2022-04-29 1:36,167,174,-7
2022-04-29 1:37,169,176,-7
2022-04-29 1:38,170,178,-8
2022-04-29 1:39,172,180,-8
2022-04-29 1:40,173,182,-9
2022-04-29 1:41,175,184,-9
2022-04-29 1:42,177,186,-9
2022-04-29 1:43,179,188,-9
2022-04-29 1:44,181,190,-9
2022-04-29 1:45,183,192,-9
2022-04-29 1:46,185,194,-9
2022-04-29 1:47,187,196,-9
2022-04-29 1:48,189,199,-10
2022-04-29 1:49,191,201,-10
2022-04-29 1:50,193,203,-10
2022-04-29 1:51,196,205,-9
2022-04-29 1:52,198,207,-9
2022-04-29 1:53,201,209,-8
2022-04-29 1:54,203,212,-9
2022-04-29 1:55,205,214,-9
2022-04-29 1:56,208,216,-8
2022-04-29 1:57,210,218,-8
2022-04-29 1:58,213,221,-8
2022-04-29 1:59,215,223,-8
2022-04-29 2:00,218,225,-7
2022-04-29 2:01,220,228,-8
2022-04-29 2:02,223,230,-7
2022-04-29 2:03,225,232,-7
2022-04-29 2:04,228,235,-7
2022-04-29 2:05,230,237,-7
2022-04-29 2:06,233,240,-7
2022-04-29 2:07,236,242,-6
2022-04-29 2:08,238,244,-6
2022-04-29 2:09,241,247,-6
2022-04-29 2:10,243,249,-6
2022-04-29 2:11,245,252,-7
2022-04-29 2:12,248,254,-6
2022-04-29 2:13,250,257,-7
2022-04-29 2:14,253,259,-6
2022-04-29 2:15,256,262,-6
2022-04-29 2:16,258,264,-6
2022-04-29 2:17,260,267,-7
2022-04-29 2:18,263,270,-7
2022-04-29 2:19,265,272,-7
2022-04-29 2:20,267,275,-8
2022-04-29 2:21,270,277,-7
2022-04-29 2:22,272,280,-8
2022-04-29 2:23,275,283,-8
2022-04-29 2:24,277,285,-8
2022-04-29 2:25,280,288,-8
2022-04-29 2:26,282,291,-9
2022-04-29 2:27,285,293,-8
2022-04-29 2:28,285,296,-11
2022-04-29 2:29,288,299,-11
2022-04-29 2:30,292,301,-9
2022-04-29 2:31,295,304,-9
2022-04-29 2:32,297,307,-10
2022-04-29 2:33,299,310,-11
2022-04-29 2:34,302,312,-10
2022-04-29 2:35,304,315,-11
2022-04-29 2:36,306,318,-12
2022-04-29 2:37,309,321,-12
2022-04-29 2:38,312,323,-11
2022-04-29 2:39,314,326,-12
2022-04-29 2:40,316,329,-13
2022-04-29 2:41,319,332,-13
2022-04-29 2:42,321,335,-14
2022-04-29 2:43,324,337,-13
2022-04-29 2:44,326,340,-14
2022-04-29 2:45,329,343,-14
2022-04-29 2:46,331,346,-15
2022-04-29 2:47,333,349,-16
2022-04-29 2:48,336,352,-16
2022-04-29 2:49,339,354,-15
2022-04-29 2:50,341,357,-16
2022-04-29 2:51,344,360,-16
2022-04-29 2:52,346,363,-17
2022-04-29 2:53,349,366,-17
2022-04-29 2:54,351,369,-18
2022-04-29 2:55,354,371,-17
2022-04-29 2:56,356,374,-18
2022-04-29 2:57,359,377,-18
2022-04-29 2:58,361,380,-19
2022-04-29 2:59,364,383,-19
2022-04-29 3:00,366,386,-20
2022-04-29 3:01,369,389,-20
2022-04-29 3:02,372,391,-19
2022-04-29 3:03,374,394,-20
2022-04-29 3:04,377,397,-20
2022-04-29 3:05,379,400,-21
2022-04-29 3:06,382,403,-21
2022-04-29 3:07,384,406,-22
2022-04-29 3:08,387,408,-21
2022-04-29 3:09,390,411,-21
2022-04-29 3:10,392,414,-22
2022-04-29 3:11,395,417,-22
2022-04-29 3:12,397,420,-23
2022-04-29 3:13,400,422,-22
2022-04-29 3:14,402,425,-23
2022-04-29 3:15,405,428,-23
2022-04-29 3:16,407,431,-24
2022-04-29 3:17,410,434,-24
2022-04-29 3:18,412,436,-24
2022-04-29 3:19,415,439,-24
2022-04-29 3:20,417,442,-25
2022-04-29 3:21,420,445,-25
2022-04-29 3:22,422,447,-25
2022-04-29 3:23,425,450,-25
2022-04-29 3:24,427,453,-26
2022-04-29 3:25,429,455,-26
2022-04-29 3:26,432,458,-26
2022-04-29 3:27,434,461,-27
2022-04-29 3:28,436,464,-28
2022-04-29 3:29,439,466,-27
2022-04-29 3:30,439,469,-30
2022-04-29 3:31,442,471,-29
2022-04-29 3:32,446,474,-28
2022-04-29 3:33,448,477,-29
2022-04-29 3:34,450,479,-29
2022-04-29 3:35,453,482,-29
2022-04-29 3:36,455,484,-29
2022-04-29 3:37,458,487,-29
2022-04-29 3:38,460,489,-29
2022-04-29 3:39,462,492,-30
2022-04-29 3:40,462,494,-32
2022-04-29 3:41,466,497,-31
2022-04-29 3:42,469,499,-30
2022-04-29 3:43,471,502,-31
2022-04-29 3:44,474,504,-30
2022-04-29 3:45,476,507,-31
2022-04-29 3:46,479,509,-30
2022-04-29 3:47,481,511,-30
2022-04-29 3:48,484,514,-30
2022-04-29 3:49,486,516,-30
2022-04-29 3:50,488,518,-30
2022-04-29 3:51,491,520,-29
2022-04-29 3:52,493,523,-30
2022-04-29 3:53,495,525,-30
2022-04-29 3:54,498,527,-29
2022-04-29 3:55,500,529,-29
2022-04-29 3:56,503,532,-29
2022-04-29 3:57,505,534,-29
2022-04-29 3:58,507,536,-29
2022-04-29 3:59,509,538,-29
2022-04-29 4:00,511,540,-29
2022-04-29 4:01,513,542,-29
2022-04-29 4:02,515,544,-29
2022-04-29 4:03,518,546,-28
2022-04-29 4:04,520,548,-28
2022-04-29 4:05,521,550,-29
2022-04-29 4:06,523,552,-29
2022-04-29 4:07,526,554,-28
2022-04-29 4:08,528,556,-28
2022-04-29 4:09,529,557,-28
2022-04-29 4:10,532,559,-27
2022-04-29 4:11,534,561,-27
2022-04-29 4:12,536,563,-27
2022-04-29 4:13,537,565,-28
2022-04-29 4:14,539,566,-27
2022-04-29 4:15,541,568,-27
2022-04-29 4:16,543,570,-27
2022-04-29 4:17,545,571,-26
2022-04-29 4:18,547,573,-26
2022-04-29 4:19,549,574,-25
2022-04-29 4:20,550,576,-26
2022-04-29 4:21,552,577,-25
2022-04-29 4:22,554,579,-25
2022-04-29 4:23,556,580,-24
2022-04-29 4:24,557,582,-25
2022-04-29 4:25,559,583,-24
2022-04-29 4:26,561,584,-23
2022-04-29 4:27,562,586,-24
2022-04-29 4:28,564,587,-23
2022-04-29 4:29,566,588,-22
2022-04-29 4:30,568,589,-21
2022-04-29 4:31,569,591,-22
2022-04-29 4:32,571,592,-21
2022-04-29 4:33,573,593,-20
2022-04-29 4:34,575,594,-19
2022-04-29 4:35,576,595,-19
2022-04-29 4:36,578,596,-18
2022-04-29 4:37,579,597,-18
2022-04-29 4:38,581,598,-17
2022-04-29 4:39,582,599,-17
2022-04-29 4:40,584,600,-16
2022-04-29 4:41,585,601,-16
2022-04-29 4:42,587,602,-15
2022-04-29 4:43,588,602,-14
2022-04-29 4:44,589,603,-14
2022-04-29 4:45,590,604,-14
2022-04-29 4:46,592,605,-13
2022-04-29 4:47,593,605,-12
2022-04-29 4:48,594,606,-12
2022-04-29 4:49,595,607,-12
2022-04-29 4:50,596,607,-11
2022-04-29 4:51,597,608,-11
2022-04-29 4:52,598,608,-10
2022-04-29 4:53,599,609,-10
2022-04-29 4:54,600,609,-9
2022-04-29 4:55,601,610,-9
2022-04-29 4:56,602,610,-8
2022-04-29 4:57,603,610,-7
2022-04-29 4:58,604,611,-7
2022-04-29 4:59,605,611,-6
2022-04-29 5:00,606,611,-5
2022-04-29 5:01,607,612,-5
2022-04-29 5:02,607,612,-5
2022-04-29 5:03,608,612,-4
2022-04-29 5:04,609,612,-3
2022-04-29 5:05,609,612,-3
2022-04-29 5:06,610,612,-2
2022-04-29 5:07,610,612,-2
2022-04-29 5:08,611,612,-1
2022-04-29 5:09,611,612,-1
2022-04-29 5:10,611,612,-1
2022-04-29 5:11,612,612,0
2022-04-29 5:12,612,612,0
2022-04-29 5:13,612,612,0
2022-04-29 5:14,612,612,0
2022-04-29 5:15,611,612,-1
2022-04-29 5:16,612,611,1
2022-04-29 5:17,612,611,1
2022-04-29 5:18,611,611,0
2022-04-29 5:19,611,611,0
2022-04-29 5:20,611,610,1
2022-04-29 5:21,611,610,1
2022-04-29 5:22,611,609,2
2022-04-29 5:23,611,609,2
2022-04-29 5:24,610,609,1
2022-04-29 5:25,610,608,2
2022-04-29 5:26,610,608,2
2022-04-29 5:27,609,607,2
2022-04-29 5:28,609,606,3
2022-04-29 5:29,608,606,2
2022-04-29 5:30,607,605,2
2022-04-29 5:31,607,605,2
2022-04-29 5:32,606,604,2
2022-04-29 5:33,606,603,3
2022-04-29 5:34,605,603,2
2022-04-29 5:35,604,602,2
2022-04-29 5:36,603,601,2
2022-04-29 5:37,603,600,3
2022-04-29 5:38,602,599,3
2022-04-29 5:39,601,599,2
2022-04-29 5:40,600,598,2
2022-04-29 5:41,599,597,2
2022-04-29 5:42,598,596,2
2022-04-29 5:43,597,595,2
2022-04-29 5:44,596,594,2
2022-04-29 5:45,595,593,2
2022-04-29 5:46,594,592,2
2022-04-29 5:47,593,591,2
2022-04-29 5:48,591,590,1
2022-04-29 5:49,590,589,1
2022-04-29 5:50,589,588,1
2022-04-29 5:51,587,587,0
2022-04-29 5:52,586,586,0
2022-04-29 5:53,585,585,0
2022-04-29 5:54,583,584,-1
2022-04-29 5:55,582,582,0
2022-04-29 5:56,581,581,0
2022-04-29 5:57,579,580,-1
2022-04-29 5:58,578,579,-1
2022-04-29 5:59,577,578,-1
2022-04-29 6:00,576,576,0
2022-04-29 6:01,574,575,-1
2022-04-29 6:02,573,574,-1
2022-04-29 6:03,571,573,-2
2022-04-29 6:04,570,571,-1
2022-04-29 6:05,568,570,-2
2022-04-29 6:06,567,569,-2
2022-04-29 6:07,565,567,-2
2022-04-29 6:08,564,566,-2
2022-04-29 6:09,562,564,-2
2022-04-29 6:10,561,563,-2
2022-04-29 6:11,559,562,-3
2022-04-29 6:12,558,560,-2
2022-04-29 6:13,557,559,-2
2022-04-29 6:14,555,557,-2
2022-04-29 6:15,554,556,-2
2022-04-29 6:16,552,554,-2
2022-04-29 6:17,550,553,-3
2022-04-29 6:18,549,552,-3
2022-04-29 6:19,547,550,-3
2022-04-29 6:20,546,549,-3
2022-04-29 6:21,545,547,-2
2022-04-29 6:22,543,546,-3
2022-04-29 6:23,542,544,-2
2022-04-29 6:24,540,542,-2
2022-04-29 6:25,539,541,-2
2022-04-29 6:26,537,539,-2
2022-04-29 6:27,536,538,-2
2022-04-29 6:28,534,536,-2
2022-04-29 6:29,534,535,-1
2022-04-29 6:30,532,533,-1
2022-04-29 6:31,530,531,-1
2022-04-29 6:32,529,530,-1
2022-04-29 6:33,527,528,-1
2022-04-29 6:34,526,527,-1
2022-04-29 6:35,524,525,-1
2022-04-29 6:36,522,523,-1
2022-04-29 6:37,521,522,-1
2022-04-29 6:38,519,520,-1
2022-04-29 6:39,518,519,-1
2022-04-29 6:40,516,517,-1
2022-04-29 6:41,514,515,-1
2022-04-29 6:42,512,514,-2
2022-04-29 6:43,511,512,-1
2022-04-29 6:44,509,510,-1
2022-04-29 6:45,507,509,-2
2022-04-29 6:46,505,507,-2
2022-04-29 6:47,504,506,-2
2022-04-29 6:48,502,504,-2
2022-04-29 6:49,500,502,-2
2022-04-29 6:50,499,501,-2
2022-04-29 6:51,497,499,-2
2022-04-29 6:52,495,497,-2
2022-04-29 6:53,494,496,-2
2022-04-29 6:54,492,494,-2
2022-04-29 6:55,490,492,-2
2022-04-29 6:56,488,491,-3
2022-04-29 6:57,487,489,-2
2022-04-29 6:58,485,487,-2
2022-04-29 6:59,484,486,-2
2022-04-29 7:00,482,484,-2
2022-04-29 7:01,480,483,-3
2022-04-29 7:02,479,481,-2
2022-04-29 7:03,477,479,-2
2022-04-29 7:04,475,478,-3
2022-04-29 7:05,473,476,-3
2022-04-29 7:06,471,474,-3
2022-04-29 7:07,470,473,-3
2022-04-29 7:08,468,471,-3
2022-04-29 7:09,466,469,-3
2022-04-29 7:10,465,468,-3
2022-04-29 7:11,463,466,-3
2022-04-29 7:12,462,465,-3
2022-04-29 7:13,460,463,-3
2022-04-29 7:14,458,461,-3
2022-04-29 7:15,457,460,-3
2022-04-29 7:16,455,458,-3
2022-04-29 7:17,453,457,-4
2022-04-29 7:18,451,455,-4
2022-04-29 7:19,450,453,-3
2022-04-29 7:20,448,452,-4
2022-04-29 7:21,446,450,-4
2022-04-29 7:22,445,449,-4
2022-04-29 7:23,443,447,-4
2022-04-29 7:24,442,445,-3
2022-04-29 7:25,440,444,-4
2022-04-29 7:26,438,442,-4
2022-04-29 7:27,436,441,-5
2022-04-29 7:28,434,439,-5
2022-04-29 7:29,433,438,-5
2022-04-29 7:30,431,436,-5
2022-04-29 7:31,429,434,-5
2022-04-29 7:32,428,433,-5
2022-04-29 7:33,426,431,-5
2022-04-29 7:34,425,430,-5
2022-04-29 7:35,423,428,-5
2022-04-29 7:36,422,427,-5
2022-04-29 7:37,420,425,-5
2022-04-29 7:38,418,424,-6
2022-04-29 7:39,416,422,-6
2022-04-29 7:40,414,421,-7
2022-04-29 7:41,413,419,-6
2022-04-29 7:42,411,418,-7
2022-04-29 7:43,410,416,-6
2022-04-29 7:44,408,415,-7
2022-04-29 7:45,406,413,-7
2022-04-29 7:46,405,412,-7
2022-04-29 7:47,403,410,-7
2022-04-29 7:48,402,409,-7
2022-04-29 7:49,400,407,-7
2022-04-29 7:50,398,406,-8
2022-04-29 7:51,396,404,-8
2022-04-29 7:52,395,403,-8
2022-04-29 7:53,393,401,-8
2022-04-29 7:54,391,400,-9
2022-04-29 7:55,390,398,-8
2022-04-29 7:56,388,397,-9
2022-04-29 7:57,387,395,-8
2022-04-29 7:58,385,394,-9
2022-04-29 7:59,384,393,-9
2022-04-29 8:00,382,391,-9
2022-04-29 8:01,380,390,-10
2022-04-29 8:02,379,388,-9
2022-04-29 8:03,377,387,-10
2022-04-29 8:04,375,385,-10
2022-04-29 8:05,374,384,-10
2022-04-29 8:06,372,383,-11
2022-04-29 8:07,371,381,-10
2022-04-29 8:08,370,380,-10
2022-04-29 8:09,368,378,-10
2022-04-29 8:10,366,377,-11
2022-04-29 8:11,365,375,-10
2022-04-29 8:12,363,374,-11
2022-04-29 8:13,362,373,-11
2022-04-29 8:14,360,371,-11
2022-04-29 8:15,359,370,-11
2022-04-29 8:16,357,368,-11
2022-04-29 8:17,356,367,-11
2022-04-29 8:18,354,365,-11
2022-04-29 8:19,353,364,-11
2022-04-29 8:20,352,363,-11
2022-04-29 8:21,350,361,-11
2022-04-29 8:22,349,360,-11
2022-04-29 8:23,347,358,-11
2022-04-29 8:24,346,357,-11
2022-04-29 8:25,344,356,-12
2022-04-29 8:26,343,354,-11
2022-04-29 8:27,341,353,-12
2022-04-29 8:28,340,351,-11
2022-04-29 8:29,338,350,-12
2022-04-29 8:30,336,349,-13
2022-04-29 8:31,335,347,-12
2022-04-29 8:32,334,346,-12
2022-04-29 8:33,332,344,-12
2022-04-29 8:34,331,343,-12
2022-04-29 8:35,330,342,-12
2022-04-29 8:36,328,340,-12
2022-04-29 8:37,327,339,-12
2022-04-29 8:38,325,337,-12
2022-04-29 8:39,324,336,-12
2022-04-29 8:40,322,335,-13
2022-04-29 8:41,321,333,-12
2022-04-29 8:42,319,332,-13
2022-04-29 8:43,318,330,-12
2022-04-29 8:44,317,329,-12
2022-04-29 8:45,315,328,-13
2022-04-29 8:46,314,326,-12
2022-04-29 8:47,313,325,-12
2022-04-29 8:48,312,323,-11
2022-04-29 8:49,310,322,-12
2022-04-29 8:50,309,321,-12
2022-04-29 8:51,307,319,-12
2022-04-29 8:52,306,318,-12
2022-04-29 8:53,304,316,-12
2022-04-29 8:54,303,315,-12
2022-04-29 8:55,302,313,-11
2022-04-29 8:56,300,312,-12
2022-04-29 8:57,299,311,-12
2022-04-29 8:58,298,309,-11
2022-04-29 8:59,296,308,-12
2022-04-29 9:00,295,306,-11
2022-04-29 9:01,294,305,-11
2022-04-29 9:02,293,303,-10
2022-04-29 9:03,291,302,-11
2022-04-29 9:04,290,301,-11
2022-04-29 9:05,288,299,-11
2022-04-29 9:06,287,298,-11
2022-04-29 9:07,285,296,-11
2022-04-29 9:08,284,295,-11
2022-04-29 9:09,283,293,-10
2022-04-29 9:10,282,292,-10
2022-04-29 9:11,280,290,-10
2022-04-29 9:12,279,289,-10
2022-04-29 9:13,278,288,-10
2022-04-29 9:14,277,286,-9
2022-04-29 9:15,275,285,-10
2022-04-29 9:16,274,283,-9
2022-04-29 9:17,273,282,-9
2022-04-29 9:18,271,280,-9
2022-04-29 9:19,270,279,-9
2022-04-29 9:20,269,277,-8
2022-04-29 9:21,267,276,-9
2022-04-29 9:22,266,274,-8
2022-04-29 9:23,265,273,-8
2022-04-29 9:24,263,271,-8
2022-04-29 9:25,262,270,-8
2022-04-29 9:26,262,268,-6
2022-04-29 9:27,260,267,-7
2022-04-29 9:28,259,265,-6
2022-04-29 9:29,257,264,-7
2022-04-29 9:30,256,262,-6
2022-04-29 9:31,255,261,-6
2022-04-29 9:32,253,259,-6
2022-04-29 9:33,252,258,-6
2022-04-29 9:34,251,256,-5
2022-04-29 9:35,249,255,-6
2022-04-29 9:36,248,254,-6
2022-04-29 9:37,247,252,-5
2022-04-29 9:38,245,251,-6
2022-04-29 9:39,244,249,-5
2022-04-29 9:40,243,248,-5
2022-04-29 9:41,242,246,-4
2022-04-29 9:42,241,245,-4
2022-04-29 9:43,239,243,-4
2022-04-29 9:44,238,242,-4
2022-04-29 9:45,237,240,-3
2022-04-29 9:46,235,239,-4
2022-04-29 9:47,234,237,-3
2022-04-29 9:48,233,236,-3
2022-04-29 9:49,231,234,-3
2022-04-29 9:50,230,233,-3
2022-04-29 9:51,229,231,-2
2022-04-29 9:52,228,230,-2
2022-04-29 9:53,226,228,-2
2022-04-29 9:54,225,227,-2
2022-04-29 9:55,224,225,-1
2022-04-29 9:56,223,224,-1
2022-04-29 9:57,222,222,0
2022-04-29 9:58,221,221,0
2022-04-29 9:59,220,219,1
2022-04-29 10:00,219,218,1
2022-04-29 10:01,218,216,2
2022-04-29 10:02,216,215,1
2022-04-29 10:03,215,213,2
2022-04-29 10:04,214,212,2
2022-04-29 10:05,213,210,3
2022-04-29 10:06,211,209,2
2022-04-29 10:07,210,207,3
2022-04-29 10:08,209,206,3
2022-04-29 10:09,208,204,4
2022-04-29 10:10,206,203,3
2022-04-29 10:11,205,201,4
2022-04-29 10:12,204,200,4
2022-04-29 10:13,203,198,5
2022-04-29 10:14,202,197,5
2022-04-29 10:15,200,196,4
2022-04-29 10:16,199,194,5
2022-04-29 10:17,198,193,5
2022-04-29 10:18,197,191,6
2022-04-29 10:19,196,190,6
2022-04-29 10:20,195,188,7
2022-04-29 10:21,193,187,6
2022-04-29 10:22,192,186,6
2022-04-29 10:23,191,184,7
2022-04-29 10:24,190,183,7
2022-04-29 10:25,189,181,8
2022-04-29 10:26,188,180,8
2022-04-29 10:27,187,179,8
2022-04-29 10:28,185,177,8
2022-04-29 10:29,185,176,9
2022-04-29 10:30,183,174,9
2022-04-29 10:31,182,173,9
2022-04-29 10:32,182,172,10
2022-04-29 10:33,180,170,10
2022-04-29 10:34,179,169,10
2022-04-29 10:35,178,168,10
2022-04-29 10:36,177,166,11
2022-04-29 10:37,175,165,10
2022-04-29 10:38,174,164,10
2022-04-29 10:39,173,162,11
2022-04-29 10:40,172,161,11
2022-04-29 10:41,171,160,11
2022-04-29 10:42,170,159,11
2022-04-29 10:43,169,157,12
2022-04-29 10:44,168,156,12
2022-04-29 10:45,167,155,12
2022-04-29 10:46,165,153,12
2022-04-29 10:47,164,152,12
2022-04-29 10:48,164,151,13
2022-04-29 10:49,163,150,13
2022-04-29 10:50,162,149,13
2022-04-29 10:51,162,147,15
2022-04-29 10:52,160,146,14
2022-04-29 10:53,158,145,13
2022-04-29 10:54,157,144,13
2022-04-29 10:55,156,143,13
2022-04-29 10:56,155,142,13
2022-04-29 10:57,153,140,13
2022-04-29 10:58,152,139,13
2022-04-29 10:59,151,138,13
2022-04-29 11:00,150,137,13
2022-04-29 11:01,149,136,13
2022-04-29 11:02,148,135,13
2022-04-29 11:03,147,134,13
2022-04-29 11:04,146,133,13
2022-04-29 11:05,145,132,13
2022-04-29 11:06,144,131,13
2022-04-29 11:07,143,130,13
2022-04-29 11:08,142,129,13
2022-04-29 11:09,141,128,13
2022-04-29 11:10,140,127,13
2022-04-29 11:11,138,126,12
2022-04-29 11:12,138,125,13
2022-04-29 11:13,138,124,14
2022-04-29 11:14,136,123,13
2022-04-29 11:15,134,122,12
2022-04-29 11:16,133,121,12
2022-04-29 11:17,132,120,12
2022-04-29 11:18,131,119,12
2022-04-29 11:19,130,118,12
2022-04-29 11:20,129,117,12
2022-04-29 11:21,128,116,12
2022-04-29 11:22,127,116,11
2022-04-29 11:23,126,115,11
2022-04-29 11:24,125,114,11
2022-04-29 11:25,124,113,11
2022-04-29 11:26,123,112,11
2022-04-29 11:27,122,112,10
2022-04-29 11:28,120,111,9
2022-04-29 11:29,120,110,10
2022-04-29 11:30,118,109,9
2022-04-29 11:31,117,109,8
2022-04-29 11:32,116,108,8
2022-04-29 11:33,115,107,8
2022-04-29 11:34,114,107,7
2022-04-29 11:35,113,106,7
2022-04-29 11:36,112,105,7
2022-04-29 11:37,111,105,6
2022-04-29 11:38,110,104,6
2022-04-29 11:39,109,103,6
2022-04-29 11:40,108,103,5
2022-04-29 11:41,108,102,6
2022-04-29 11:42,107,102,5
2022-04-29 11:43,106,101,5
2022-04-29 11:44,105,101,4
2022-04-29 11:45,105,100,5
2022-04-29 11:46,103,100,3
2022-04-29 11:47,102,99,3
2022-04-29 11:48,100,99,1
2022-04-29 11:49,99,98,1
2022-04-29 11:50,98,98,0
2022-04-29 11:51,98,97,1
2022-04-29 11:52,96,97,-1
2022-04-29 11:53,95,97,-2
2022-04-29 11:54,94,96,-2
2022-04-29 11:55,94,96,-2
2022-04-29 11:56,93,96,-3
2022-04-29 11:57,92,95,-3
2022-04-29 11:58,91,95,-4
2022-04-29 11:59,90,95,-5
2022-04-29 12:00,89,94,-5
2022-04-29 12:01,88,94,-6
2022-04-29 12:02,88,94,-6
2022-04-29 12:03,87,94,-7
2022-04-29 12:04,86,94,-8
2022-04-29 12:05,85,93,-8
2022-04-29 12:06,84,93,-9
2022-04-29 12:07,83,93,-10
2022-04-29 12:08,82,93,-11
2022-04-29 12:09,81,93,-12
2022-04-29 12:10,80,93,-13
2022-04-29 12:11,80,93,-13
2022-04-29 12:12,79,92,-13
2022-04-29 12:13,78,92,-14
2022-04-29 12:14,77,92,-15
2022-04-29 12:15,77,92,-15
2022-04-29 12:16,76,92,-16
2022-04-29 12:17,75,92,-17
2022-04-29 12:18,74,92,-18
2022-04-29 12:19,74,92,-18
2022-04-29 12:20,73,93,-20
2022-04-29 12:21,73,93,-20
2022-04-29 12:22,72,93,-21
2022-04-29 12:23,72,93,-21
2022-04-29 12:24,71,93,-22
2022-04-29 12:25,71,93,-22
2022-04-29 12:26,71,93,-22
2022-04-29 12:27,70,93,-23
2022-04-29 12:28,70,94,-24
2022-04-29 12:29,70,94,-24
2022-04-29 12:30,70,94,-24
2022-04-29 12:31,69,94,-25
2022-04-29 12:32,69,95,-26
2022-04-29 12:33,69,95,-26
2022-04-29 12:34,70,95,-25
2022-04-29 12:35,70,96,-26
2022-04-29 12:36,70,96,-26
2022-04-29 12:37,71,96,-25
2022-04-29 12:38,71,97,-26
2022-04-29 12:39,72,97,-25
2022-04-29 12:40,73,97,-24
2022-04-29 12:41,74,98,-24
2022-04-29 12:42,75,98,-23
2022-04-29 12:43,76,99,-23
2022-04-29 12:44,78,99,-21
2022-04-29 12:45,80,100,-20
2022-04-29 12:46,82,100,-18
2022-04-29 12:47,84,101,-17
2022-04-29 12:48,86,101,-15
2022-04-29 12:49,88,102,-14
2022-04-29 12:50,89,103,-14
2022-04-29 12:51,91,103,-12
2022-04-29 12:52,93,104,-11
2022-04-29 12:53,94,104,-10
2022-04-29 12:54,95,105,-10
2022-04-29 12:55,97,106,-9
2022-04-29 12:56,98,107,-9
2022-04-29 12:57,99,107,-8
2022-04-29 12:58,101,108,-7
2022-04-29 12:59,102,109,-7
2022-04-29 13:00,104,110,-6
2022-04-29 13:01,105,110,-5
2022-04-29 13:02,107,111,-4
2022-04-29 13:03,108,112,-4
2022-04-29 13:04,110,113,-3
2022-04-29 13:05,111,114,-3
2022-04-29 13:06,112,115,-3
2022-04-29 13:07,114,116,-2
2022-04-29 13:08,115,116,-1
2022-04-29 13:09,117,117,0
2022-04-29 13:10,118,118,0
2022-04-29 13:11,120,119,1
2022-04-29 13:12,122,120,2
2022-04-29 13:13,123,121,2
2022-04-29 13:14,124,122,2
2022-04-29 13:15,126,123,3
2022-04-29 13:16,127,125,2
2022-04-29 13:17,128,126,2
2022-04-29 13:18,129,127,2
2022-04-29 13:19,130,128,2
2022-04-29 13:20,131,129,2
2022-04-29 13:21,132,130,2
2022-04-29 13:22,133,132,1
2022-04-29 13:23,134,133,1
2022-04-29 13:24,136,134,2
2022-04-29 13:25,137,135,2
2022-04-29 13:26,138,137,1
2022-04-29 13:27,139,138,1
2022-04-29 13:28,141,139,2
2022-04-29 13:29,142,140,2
2022-04-29 13:30,143,142,1
2022-04-29 13:31,144,143,1
2022-04-29 13:32,145,145,0
2022-04-29 13:33,146,146,0
2022-04-29 13:34,147,147,0
2022-04-29 13:35,148,149,-1
2022-04-29 13:36,149,150,-1
2022-04-29 13:37,151,152,-1
2022-04-29 13:38,152,153,-1
2022-04-29 13:39,153,155,-2
2022-04-29 13:40,155,157,-2
2022-04-29 13:41,156,158,-2
2022-04-29 13:42,158,160,-2
2022-04-29 13:43,159,161,-2
2022-04-29 13:44,160,163,-3
2022-04-29 13:45,162,165,-3
2022-04-29 13:46,164,166,-2
2022-04-29 13:47,165,168,-3
2022-04-29 13:48,166,170,-4
2022-04-29 13:49,166,171,-5
2022-04-29 13:50,169,173,-4
2022-04-29 13:51,171,175,-4
2022-04-29 13:52,173,177,-4
2022-04-29 13:53,174,179,-5
2022-04-29 13:54,176,180,-4
2022-04-29 13:55,178,182,-4
2022-04-29 13:56,180,184,-4
2022-04-29 13:57,182,186,-4
2022-04-29 13:58,184,188,-4
2022-04-29 13:59,186,190,-4
2022-04-29 14:00,188,192,-4
2022-04-29 14:01,189,194,-5
2022-04-29 14:02,192,196,-4
2022-04-29 14:03,193,198,-5
2022-04-29 14:04,196,200,-4
2022-04-29 14:05,198,202,-4
2022-04-29 14:06,200,204,-4
2022-04-29 14:07,203,206,-3
2022-04-29 14:08,205,208,-3
2022-04-29 14:09,207,210,-3
2022-04-29 14:10,210,212,-2
2022-04-29 14:11,212,214,-2
2022-04-29 14:12,215,217,-2
2022-04-29 14:13,217,219,-2
2022-04-29 14:14,220,221,-1
2022-04-29 14:15,222,223,-1
2022-04-29 14:16,225,225,0
2022-04-29 14:17,227,228,-1
2022-04-29 14:18,230,230,0
2022-04-29 14:19,232,232,0
2022-04-29 14:20,235,235,0
2022-04-29 14:21,238,237,1
2022-04-29 14:22,240,239,1
2022-04-29 14:23,243,242,1
2022-04-29 14:24,245,244,1
2022-04-29 14:25,248,246,2
2022-04-29 14:26,251,249,2
2022-04-29 14:27,254,251,3
2022-04-29 14:28,257,254,3
2022-04-29 14:29,259,256,3
2022-04-29 14:30,262,259,3
2022-04-29 14:31,265,261,4
2022-04-29 14:32,267,264,3
2022-04-29 14:33,270,266,4
2022-04-29 14:34,272,269,3
2022-04-29 14:35,275,271,4
2022-04-29 14:36,278,274,4
2022-04-29 14:37,280,276,4
2022-04-29 14:38,283,279,4
2022-04-29 14:39,285,282,3
2022-04-29 14:40,288,284,4
2022-04-29 14:41,291,287,4
2022-04-29 14:42,293,289,4
2022-04-29 14:43,296,292,4
2022-04-29 14:44,298,295,3
2022-04-29 14:45,301,297,4
2022-04-29 14:46,303,300,3
2022-04-29 14:47,306,303,3
2022-04-29 14:48,308,306,2
2022-04-29 14:49,311,308,3
2022-04-29 14:50,313,311,2
2022-04-29 14:51,315,314,1
2022-04-29 14:52,318,316,2
2022-04-29 14:53,320,319,1
2022-04-29 14:54,322,322,0
2022-04-29 14:55,325,325,0
2022-04-29 14:56,327,328,-1
2022-04-29 14:57,330,330,0
2022-04-29 14:58,333,333,0
2022-04-29 14:59,335,336,-1
2022-04-29 15:00,337,339,-2
2022-04-29 15:01,340,342,-2
2022-04-29 15:02,343,344,-1
2022-04-29 15:03,346,347,-1
2022-04-29 15:04,348,350,-2
2022-04-29 15:05,351,353,-2
2022-04-29 15:06,353,356,-3
2022-04-29 15:07,355,359,-4
2022-04-29 15:08,358,362,-4
2022-04-29 15:09,360,365,-5
2022-04-29 15:10,363,367,-4
2022-04-29 15:11,365,370,-5
2022-04-29 15:12,368,373,-5
2022-04-29 15:13,370,376,-6
2022-04-29 15:14,373,379,-6
2022-04-29 15:15,375,382,-7
2022-04-29 15:16,377,385,-8
2022-04-29 15:17,379,388,-9
2022-04-29 15:18,382,391,-9
2022-04-29 15:19,385,393,-8
2022-04-29 15:20,387,396,-9
2022-04-29 15:21,390,399,-9
2022-04-29 15:22,392,402,-10
2022-04-29 15:23,394,405,-11
2022-04-29 15:24,394,408,-14
2022-04-29 15:25,398,411,-13
2022-04-29 15:26,402,414,-12
2022-04-29 15:27,405,417,-12
2022-04-29 15:28,407,419,-12
2022-04-29 15:29,410,422,-12
2022-04-29 15:30,412,425,-13
2022-04-29 15:31,415,428,-13
2022-04-29 15:32,417,431,-14
2022-04-29 15:33,419,434,-15
2022-04-29 15:34,422,437,-15
2022-04-29 15:35,425,439,-14
2022-04-29 15:36,427,442,-15
2022-04-29 15:37,429,445,-16
2022-04-29 15:38,431,448,-17
2022-04-29 15:39,434,451,-17
2022-04-29 15:40,436,454,-18
2022-04-29 15:41,438,456,-18
2022-04-29 15:42,441,459,-18
2022-04-29 15:43,443,462,-19
2022-04-29 15:44,446,465,-19
2022-04-29 15:45,447,467,-20
2022-04-29 15:46,450,470,-20
2022-04-29 15:47,452,473,-21
2022-04-29 15:48,454,476,-22
2022-04-29 15:49,456,478,-22
2022-04-29 15:50,459,481,-22
2022-04-29 15:51,461,484,-23
2022-04-29 15:52,463,486,-23
2022-04-29 15:53,465,489,-24
2022-04-29 15:54,467,492,-25
2022-04-29 15:55,470,494,-24
2022-04-29 15:56,472,497,-25
2022-04-29 15:57,474,500,-26
2022-04-29 15:58,477,502,-25
2022-04-29 15:59,479,505,-26
2022-04-29 16:00,481,507,-26
2022-04-29 16:01,483,510,-27
2022-04-29 16:02,485,512,-27
2022-04-29 16:03,487,515,-28
2022-04-29 16:04,489,517,-28
2022-04-29 16:05,491,520,-29
2022-04-29 16:06,494,522,-28
2022-04-29 16:07,496,525,-29
2022-04-29 16:08,498,527,-29
2022-04-29 16:09,500,529,-29
2022-04-29 16:10,502,532,-30
2022-04-29 16:11,504,534,-30
2022-04-29 16:12,506,536,-30
2022-04-29 16:13,509,539,-30
2022-04-29 16:14,511,541,-30
2022-04-29 16:15,513,543,-30
2022-04-29 16:16,515,545,-30
2022-04-29 16:17,517,548,-31
2022-04-29 16:18,519,550,-31
2022-04-29 16:19,521,552,-31
2022-04-29 16:20,522,554,-32
2022-04-29 16:21,524,556,-32
2022-04-29 16:22,526,558,-32
2022-04-29 16:23,528,560,-32
2022-04-29 16:24,530,562,-32
2022-04-29 16:25,532,564,-32
2022-04-29 16:26,534,566,-32
2022-04-29 16:27,536,568,-32
2022-04-29 16:28,538,570,-32
2022-04-29 16:29,538,572,-34
2022-04-29 16:30,540,574,-34
2022-04-29 16:31,543,575,-32
2022-04-29 16:32,544,577,-33
2022-04-29 16:33,546,579,-33
2022-04-29 16:34,547,581,-34
2022-04-29 16:35,549,582,-33
2022-04-29 16:36,551,584,-33
2022-04-29 16:37,553,586,-33
2022-04-29 16:38,554,587,-33
2022-04-29 16:39,556,589,-33
2022-04-29 16:40,557,591,-34
2022-04-29 16:41,559,592,-33
2022-04-29 16:42,561,594,-33
2022-04-29 16:43,562,595,-33
2022-04-29 16:44,564,596,-32
2022-04-29 16:45,565,598,-33
2022-04-29 16:46,567,599,-32
2022-04-29 16:47,568,601,-33
2022-04-29 16:48,570,602,-32
2022-04-29 16:49,571,603,-32
2022-04-29 16:50,573,604,-31
2022-04-29 16:51,574,606,-32
2022-04-29 16:52,575,607,-32
2022-04-29 16:53,577,608,-31
2022-04-29 16:54,578,609,-31
2022-04-29 16:55,579,610,-31
2022-04-29 16:56,580,611,-31
2022-04-29 16:57,581,612,-31
2022-04-29 16:58,582,613,-31
2022-04-29 16:59,583,614,-31
2022-04-29 17:00,585,615,-30
2022-04-29 17:01,586,616,-30
2022-04-29 17:02,587,617,-30
2022-04-29 17:03,588,617,-29
2022-04-29 17:04,589,618,-29
2022-04-29 17:05,590,619,-29
2022-04-29 17:06,590,620,-30
2022-04-29 17:07,592,620,-28
2022-04-29 17:08,592,621,-29
2022-04-29 17:09,594,622,-28
2022-04-29 17:10,595,622,-27
2022-04-29 17:11,596,623,-27
2022-04-29 17:12,596,623,-27
2022-04-29 17:13,597,624,-27
2022-04-29 17:14,598,624,-26
2022-04-29 17:15,599,625,-26
2022-04-29 17:16,599,625,-26
2022-04-29 17:17,600,625,-25
2022-04-29 17:18,600,626,-26
2022-04-29 17:19,601,626,-25
2022-04-29 17:20,602,626,-24
2022-04-29 17:21,602,626,-24
2022-04-29 17:22,603,626,-23
2022-04-29 17:23,603,627,-24
2022-04-29 17:24,604,627,-23
2022-04-29 17:25,604,627,-23
2022-04-29 17:26,605,627,-22
2022-04-29 17:27,605,627,-22
2022-04-29 17:28,605,627,-22
2022-04-29 17:29,606,627,-21
2022-04-29 17:30,606,627,-21
2022-04-29 17:31,606,626,-20
2022-04-29 17:32,606,626,-20
2022-04-29 17:33,606,626,-20
2022-04-29 17:34,606,626,-20
2022-04-29 17:35,606,626,-20
2022-04-29 17:36,606,625,-19
2022-04-29 17:37,606,625,-19
2022-04-29 17:38,606,625,-19
2022-04-29 17:39,606,624,-18
2022-04-29 17:40,606,624,-18
2022-04-29 17:41,606,624,-18
2022-04-29 17:42,605,623,-18
2022-04-29 17:43,605,623,-18
2022-04-29 17:44,604,622,-18
2022-04-29 17:45,604,622,-18
2022-04-29 17:46,603,621,-18
2022-04-29 17:47,603,620,-17
2022-04-29 17:48,602,620,-18
2022-04-29 17:49,601,619,-18
2022-04-29 17:50,601,619,-18
2022-04-29 17:51,601,618,-17
2022-04-29 17:52,599,617,-18
2022-04-29 17:53,598,616,-18
2022-04-29 17:54,597,616,-19
2022-04-29 17:55,596,615,-19
2022-04-29 17:56,595,614,-19
2022-04-29 17:57,594,613,-19
2022-04-29 17:58,593,612,-19
2022-04-29 17:59,592,611,-19
2022-04-29 18:00,591,610,-19
2022-04-29 18:01,590,609,-19
2022-04-29 18:02,588,608,-20
2022-04-29 18:03,587,607,-20
2022-04-29 18:04,586,606,-20
2022-04-29 18:05,584,605,-21
2022-04-29 18:06,583,604,-21
2022-04-29 18:07,582,603,-21
2022-04-29 18:08,580,602,-22
2022-04-29 18:09,579,601,-22
2022-04-29 18:10,578,600,-22
2022-04-29 18:11,577,599,-22
2022-04-29 18:12,575,597,-22
2022-04-29 18:13,574,596,-22
2022-04-29 18:14,572,595,-23
2022-04-29 18:15,571,594,-23
2022-04-29 18:16,569,592,-23
2022-04-29 18:17,567,591,-24
2022-04-29 18:18,566,590,-24
2022-04-29 18:19,565,589,-24
2022-04-29 18:20,563,587,-24
2022-04-29 18:21,562,586,-24
2022-04-29 18:22,560,584,-24
2022-04-29 18:23,559,583,-24
2022-04-29 18:24,559,582,-23
2022-04-29 18:25,557,580,-23
2022-04-29 18:26,555,579,-24
2022-04-29 18:27,553,577,-24
2022-04-29 18:28,552,576,-24
2022-04-29 18:29,550,574,-24
2022-04-29 18:30,548,573,-25
2022-04-29 18:31,547,571,-24
2022-04-29 18:32,546,570,-24
2022-04-29 18:33,544,568,-24
2022-04-29 18:34,543,567,-24
2022-04-29 18:35,542,565,-23
2022-04-29 18:36,541,564,-23
2022-04-29 18:37,540,562,-22
2022-04-29 18:38,538,561,-23
2022-04-29 18:39,537,559,-22
2022-04-29 18:40,536,558,-22
2022-04-29 18:41,534,556,-22
2022-04-29 18:42,533,554,-21
2022-04-29 18:43,531,553,-22
2022-04-29 18:44,530,551,-21
2022-04-29 18:45,529,549,-20
2022-04-29 18:46,527,548,-21
2022-04-29 18:47,526,546,-20
2022-04-29 18:48,524,544,-20
2022-04-29 18:49,523,543,-20
2022-04-29 18:50,522,541,-19
2022-04-29 18:51,520,539,-19
2022-04-29 18:52,519,538,-19
2022-04-29 18:53,517,536,-19
2022-04-29 18:54,515,534,-19
2022-04-29 18:55,514,533,-19
2022-04-29 18:56,512,531,-19
2022-04-29 18:57,510,529,-19
2022-04-29 18:58,508,528,-20
2022-04-29 18:59,506,526,-20
2022-04-29 19:00,505,524,-19
2022-04-29 19:01,503,522,-19
2022-04-29 19:02,502,521,-19
2022-04-29 19:03,500,519,-19
2022-04-29 19:04,499,517,-18
2022-04-29 19:05,497,516,-19
2022-04-29 19:06,495,514,-19
2022-04-29 19:07,494,512,-18
2022-04-29 19:08,492,510,-18
2022-04-29 19:09,490,509,-19
2022-04-29 19:10,489,507,-18
2022-04-29 19:11,487,505,-18
2022-04-29 19:12,485,503,-18
2022-04-29 19:13,484,502,-18
2022-04-29 19:14,482,500,-18
2022-04-29 19:15,480,498,-18
2022-04-29 19:16,479,497,-18
2022-04-29 19:17,477,495,-18
2022-04-29 19:18,475,493,-18
2022-04-29 19:19,474,491,-17
2022-04-29 19:20,472,490,-18
2022-04-29 19:21,470,488,-18
2022-04-29 19:22,468,486,-18
2022-04-29 19:23,467,484,-17
2022-04-29 19:24,465,483,-18
2022-04-29 19:25,464,481,-17
2022-04-29 19:26,462,479,-17
2022-04-29 19:27,460,478,-18
2022-04-29 19:28,459,476,-17
2022-04-29 19:29,457,474,-17
2022-04-29 19:30,455,473,-18
2022-04-29 19:31,454,471,-17
2022-04-29 19:32,452,469,-17
2022-04-29 19:33,450,467,-17
2022-04-29 19:34,449,466,-17
2022-04-29 19:35,-,464,-
2022-04-29 19:36,446,462,-16
2022-04-29 19:37,444,461,-17
2022-04-29 19:38,443,459,-16
2022-04-29 19:39,441,457,-16
2022-04-29 19:40,439,456,-17
2022-04-29 19:41,438,454,-16
2022-04-29 19:42,436,452,-16
2022-04-29 19:43,434,451,-17
2022-04-29 19:44,432,449,-17
2022-04-29 19:45,431,448,-17
2022-04-29 19:46,429,446,-17
2022-04-29 19:47,428,444,-16
2022-04-29 19:48,426,443,-17
2022-04-29 19:49,425,441,-16
2022-04-29 19:50,423,439,-16
2022-04-29 19:51,421,438,-17
2022-04-29 19:52,419,436,-17
2022-04-29 19:53,417,435,-18
2022-04-29 19:54,416,433,-17
2022-04-29 19:55,414,431,-17
2022-04-29 19:56,413,430,-17
2022-04-29 19:57,411,428,-17
2022-04-29 19:58,409,427,-18
2022-04-29 19:59,408,425,-17
2022-04-29 20:00,406,424,-18
2022-04-29 20:01,404,422,-18
2022-04-29 20:02,403,420,-17
2022-04-29 20:03,401,419,-18
2022-04-29 20:04,399,417,-18
2022-04-29 20:05,398,416,-18
2022-04-29 20:06,396,414,-18
2022-04-29 20:07,394,413,-19
2022-04-29 20:08,393,411,-18
2022-04-29 20:09,392,410,-18
2022-04-29 20:10,390,408,-18
2022-04-29 20:11,389,407,-18
2022-04-29 20:12,387,405,-18
2022-04-29 20:13,385,403,-18
2022-04-29 20:14,384,402,-18
2022-04-29 20:15,382,400,-18
2022-04-29 20:16,381,399,-18
2022-04-29 20:17,379,397,-18
2022-04-29 20:18,377,396,-19
2022-04-29 20:19,376,394,-18
2022-04-29 20:20,374,393,-19
2022-04-29 20:21,373,391,-18
2022-04-29 20:22,371,390,-19
2022-04-29 20:23,370,389,-19
2022-04-29 20:24,369,387,-18
2022-04-29 20:25,367,386,-19
2022-04-29 20:26,365,384,-19
2022-04-29 20:27,364,383,-19
2022-04-29 20:28,363,381,-18
2022-04-29 20:29,361,380,-19
2022-04-29 20:30,359,378,-19
2022-04-29 20:31,358,377,-19
2022-04-29 20:32,357,375,-18
2022-04-29 20:33,355,374,-19
2022-04-29 20:34,354,372,-18
2022-04-29 20:35,352,371,-19
2022-04-29 20:36,351,369,-18
2022-04-29 20:37,349,368,-19
2022-04-29 20:38,348,367,-19
2022-04-29 20:39,346,365,-19
2022-04-29 20:40,345,364,-19
2022-04-29 20:41,343,362,-19
2022-04-29 20:42,341,361,-20
2022-04-29 20:43,340,359,-19
2022-04-29 20:44,339,358,-19
2022-04-29 20:45,337,356,-19
2022-04-29 20:46,336,355,-19
2022-04-29 20:47,334,353,-19
2022-04-29 20:48,333,352,-19
2022-04-29 20:49,332,351,-19
2022-04-29 20:50,330,349,-19
2022-04-29 20:51,329,348,-19
2022-04-29 20:52,327,346,-19
2022-04-29 20:53,326,345,-19
2022-04-29 20:54,324,343,-19
2022-04-29 20:55,323,342,-19
2022-04-29 20:56,321,340,-19
2022-04-29 20:57,320,339,-19
2022-04-29 20:58,319,338,-19
2022-04-29 20:59,317,336,-19
2022-04-29 21:00,316,335,-19
2022-04-29 21:01,315,333,-18
2022-04-29 21:02,313,332,-19
2022-04-29 21:03,312,330,-18
2022-04-29 21:04,311,329,-18
2022-04-29 21:05,309,327,-18
2022-04-29 21:06,308,326,-18
2022-04-29 21:07,306,324,-18
2022-04-29 21:08,305,323,-18
2022-04-29 21:09,304,322,-18
2022-04-29 21:10,302,320,-18
2022-04-29 21:11,301,319,-18
2022-04-29 21:12,299,317,-18
2022-04-29 21:13,298,316,-18
2022-04-29 21:14,297,314,-17
2022-04-29 21:15,296,313,-17
2022-04-29 21:16,294,311,-17
2022-04-29 21:17,293,310,-17
2022-04-29 21:18,291,308,-17
2022-04-29 21:19,290,307,-17
2022-04-29 21:20,288,305,-17
2022-04-29 21:21,287,304,-17
2022-04-29 21:22,286,302,-16
2022-04-29 21:23,284,301,-17
2022-04-29 21:24,283,299,-16
2022-04-29 21:25,282,298,-16
2022-04-29 21:26,280,296,-16
2022-04-29 21:27,279,295,-16
2022-04-29 21:28,278,293,-15
2022-04-29 21:29,277,292,-15
2022-04-29 21:30,276,290,-14
2022-04-29 21:31,274,289,-15
2022-04-29 21:32,273,287,-14
2022-04-29 21:33,272,286,-14
2022-04-29 21:34,270,284,-14
2022-04-29 21:35,269,283,-14
2022-04-29 21:36,268,281,-13
2022-04-29 21:37,266,280,-14
2022-04-29 21:38,265,278,-13
2022-04-29 21:39,264,276,-12
2022-04-29 21:40,263,275,-12
2022-04-29 21:41,261,273,-12
2022-04-29 21:42,260,272,-12
2022-04-29 21:43,259,270,-11
2022-04-29 21:44,258,269,-11
2022-04-29 21:45,256,267,-11
2022-04-29 21:46,255,266,-11
2022-04-29 21:47,254,264,-10
2022-04-29 21:48,252,262,-10
2022-04-29 21:49,251,261,-10
2022-04-29 21:50,250,259,-9
2022-04-29 21:51,248,258,-10
2022-04-29 21:52,247,256,-9
2022-04-29 21:53,246,255,-9
2022-04-29 21:54,245,253,-8
2022-04-29 21:55,243,252,-9
2022-04-29 21:56,242,250,-8
2022-04-29 21:57,241,248,-7
2022-04-29 21:58,240,247,-7
2022-04-29 21:59,238,245,-7
2022-04-29 22:00,237,244,-7
2022-04-29 22:01,236,242,-6
2022-04-29 22:02,235,240,-5
2022-04-29 22:03,233,239,-6
2022-04-29 22:04,232,237,-5
2022-04-29 22:05,231,236,-5
2022-04-29 22:06,229,234,-5
2022-04-29 22:07,228,233,-5
2022-04-29 22:08,227,231,-4
2022-04-29 22:09,226,229,-3
2022-04-29 22:10,224,228,-4
2022-04-29 22:11,223,226,-3
2022-04-29 22:12,222,225,-3
2022-04-29 22:13,221,223,-2
2022-04-29 22:14,220,221,-1
2022-04-29 22:15,219,220,-1
2022-04-29 22:16,217,218,-1
2022-04-29 22:17,216,217,-1
2022-04-29 22:18,215,215,0
2022-04-29 22:19,213,214,-1
2022-04-29 22:20,212,212,0
2022-04-29 22:21,211,210,1
2022-04-29 22:22,210,209,1
2022-04-29 22:23,209,207,2
2022-04-29 22:24,207,206,1
2022-04-29 22:25,206,204,2
2022-04-29 22:26,205,203,2
2022-04-29 22:27,204,201,3
2022-04-29 22:28,203,199,4
2022-04-29 22:29,202,198,4
2022-04-29 22:30,201,196,5
2022-04-29 22:31,200,195,5
2022-04-29 22:32,198,193,5
2022-04-29 22:33,197,192,5
2022-04-29 22:34,196,190,6
2022-04-29 22:35,195,189,6
2022-04-29 22:36,193,187,6
2022-04-29 22:37,192,185,7
2022-04-29 22:38,191,184,7
2022-04-29 22:39,190,182,8
2022-04-29 22:40,189,181,8
2022-04-29 22:41,188,179,9
2022-04-29 22:42,187,178,9
2022-04-29 22:43,186,176,10
2022-04-29 22:44,184,175,9
2022-04-29 22:45,183,173,10
2022-04-29 22:46,182,172,10
2022-04-29 22:47,181,170,11
2022-04-29 22:48,180,169,11
2022-04-29 22:49,179,167,12
2022-04-29 22:50,178,166,12
2022-04-29 22:51,176,165,11
2022-04-29 22:52,175,163,12
2022-04-29 22:53,174,162,12
2022-04-29 22:54,173,160,13
2022-04-29 22:55,172,159,13
2022-04-29 22:56,171,157,14
2022-04-29 22:57,170,156,14
2022-04-29 22:58,168,155,13
2022-04-29 22:59,167,153,14
2022-04-29 23:00,166,152,14
2022-04-29 23:01,165,150,15
2022-04-29 23:02,164,149,15
2022-04-29 23:03,163,148,15
2022-04-29 23:04,162,146,16
2022-04-29 23:05,161,145,16
2022-04-29 23:06,160,144,16
2022-04-29 23:07,159,142,17
2022-04-29 23:08,158,141,17
2022-04-29 23:09,156,140,16
2022-04-29 23:10,155,138,17
2022-04-29 23:11,154,137,17
2022-04-29 23:12,153,136,17
2022-04-29 23:13,153,135,18
2022-04-29 23:14,151,133,18
2022-04-29 23:15,150,132,18
2022-04-29 23:16,149,131,18
2022-04-29 23:17,148,130,18
2022-04-29 23:18,147,128,19
2022-04-29 23:19,146,127,19
2022-04-29 23:20,145,126,19
2022-04-29 23:21,144,125,19
2022-04-29 23:22,142,124,18
2022-04-29 23:23,141,122,19
2022-04-29 23:24,140,121,19
2022-04-29 23:25,139,120,19
2022-04-29 23:26,138,119,19
2022-04-29 23:27,137,118,19
2022-04-29 23:28,136,117,19
2022-04-29 23:29,134,116,18
2022-04-29 23:30,133,115,18
2022-04-29 23:31,132,114,18
2022-04-29 23:32,131,113,18
2022-04-29 23:33,130,112,18
2022-04-29 23:34,129,111,18
2022-04-29 23:35,128,110,18
2022-04-29 23:36,127,109,18
2022-04-29 23:37,126,108,18
2022-04-29 23:38,125,107,18
2022-04-29 23:39,124,106,18
2022-04-29 23:40,123,105,18
2022-04-29 23:41,122,104,18
2022-04-29 23:42,121,103,18
2022-04-29 23:43,120,102,18
2022-04-29 23:44,119,101,18
2022-04-29 23:45,118,100,18
2022-04-29 23:46,117,99,18
2022-04-29 23:47,115,99,16
2022-04-29 23:48,114,98,16
2022-04-29 23:49,113,97,16
2022-04-29 23:50,112,96,16
2022-04-29 23:51,111,95,16
2022-04-29 23:52,110,95,15
2022-04-29 23:53,109,94,15
2022-04-29 23:54,109,93,16
2022-04-29 23:55,108,92,16
2022-04-29 23:56,107,92,15
2022-04-29 23:57,106,91,15
2022-04-29 23:58,105,90,15
2022-04-29 23:59,104,90,14
2022-04-30 0:00,103,89,14
2022-04-30 0:01,101,89,12
2022-04-30 0:02,100,88,12
2022-04-30 0:03,99,87,12
2022-04-30 0:04,98,87,11
2022-04-30 0:05,97,86,11
2022-04-30 0:06,96,86,10
2022-04-30 0:07,95,85,10
2022-04-30 0:08,94,85,9
2022-04-30 0:09,93,84,9
2022-04-30 0:10,92,84,8
2022-04-30 0:11,91,83,8
2022-04-30 0:12,90,83,7
2022-04-30 0:13,89,82,7
2022-04-30 0:14,89,82,7
2022-04-30 0:15,88,82,6
2022-04-30 0:16,87,81,6
2022-04-30 0:17,85,81,4
2022-04-30 0:18,85,81,4
2022-04-30 0:19,83,80,3
2022-04-30 0:20,82,80,2
2022-04-30 0:21,82,80,2
2022-04-30 0:22,80,79,1
2022-04-30 0:23,79,79,0
2022-04-30 0:24,78,79,-1
2022-04-30 0:25,77,79,-2
2022-04-30 0:26,77,79,-2
2022-04-30 0:27,76,78,-2
2022-04-30 0:28,75,78,-3
2022-04-30 0:29,74,78,-4
2022-04-30 0:30,73,78,-5
2022-04-30 0:31,72,78,-6
2022-04-30 0:32,71,78,-7
2022-04-30 0:33,71,78,-7
2022-04-30 0:34,70,78,-8
2022-04-30 0:35,69,78,-9
2022-04-30 0:36,68,78,-10
2022-04-30 0:37,68,78,-10
2022-04-30 0:38,67,78,-11
2022-04-30 0:39,66,78,-12
2022-04-30 0:40,65,78,-13
2022-04-30 0:41,64,78,-14
2022-04-30 0:42,64,78,-14
2022-04-30 0:43,63,78,-15
2022-04-30 0:44,62,78,-16
2022-04-30 0:45,61,78,-17
2022-04-30 0:46,61,79,-18
2022-04-30 0:47,60,79,-19
2022-04-30 0:48,59,79,-20
2022-04-30 0:49,59,79,-20
2022-04-30 0:50,59,79,-20
2022-04-30 0:51,58,80,-22
2022-04-30 0:52,58,80,-22
2022-04-30 0:53,57,80,-23
2022-04-30 0:54,57,81,-24
2022-04-30 0:55,57,81,-24
2022-04-30 0:56,57,81,-24
2022-04-30 0:57,57,82,-25
2022-04-30 0:58,57,82,-25
2022-04-30 0:59,57,83,-26
2022-04-30 1:00,57,83,-26
2022-04-30 1:01,57,84,-27
2022-04-30 1:02,58,84,-26
2022-04-30 1:03,59,85,-26
2022-04-30 1:04,60,85,-25
2022-04-30 1:05,61,86,-25
2022-04-30 1:06,62,86,-24
2022-04-30 1:07,64,87,-23
2022-04-30 1:08,66,87,-21
2022-04-30 1:09,69,88,-19
2022-04-30 1:10,71,89,-18
2022-04-30 1:11,73,89,-16
2022-04-30 1:12,76,90,-14
2022-04-30 1:13,78,91,-13
2022-04-30 1:14,80,91,-11
2022-04-30 1:15,83,92,-9
2022-04-30 1:16,85,93,-8
2022-04-30 1:17,87,94,-7
2022-04-30 1:18,89,94,-5
2022-04-30 1:19,90,95,-5
2022-04-30 1:20,92,96,-4
2022-04-30 1:21,93,97,-4
2022-04-30 1:22,95,98,-3
2022-04-30 1:23,96,99,-3
2022-04-30 1:24,97,100,-3
2022-04-30 1:25,99,101,-2
2022-04-30 1:26,100,102,-2
2022-04-30 1:27,102,103,-1
2022-04-30 1:28,103,104,-1
2022-04-30 1:29,105,105,0
2022-04-30 1:30,106,106,0
2022-04-30 1:31,107,107,0
2022-04-30 1:32,109,108,1
2022-04-30 1:33,110,109,1
2022-04-30 1:34,111,110,1
2022-04-30 1:35,113,111,2
2022-04-30 1:36,114,112,2
2022-04-30 1:37,115,114,1
2022-04-30 1:38,117,115,2
2022-04-30 1:39,118,116,2
2022-04-30 1:40,120,117,3
2022-04-30 1:41,121,119,2
2022-04-30 1:42,123,120,3
2022-04-30 1:43,124,121,3
2022-04-30 1:44,126,123,3
2022-04-30 1:45,127,124,3
2022-04-30 1:46,128,125,3
2022-04-30 1:47,129,127,2
2022-04-30 1:48,130,128,2
2022-04-30 1:49,132,130,2
2022-04-30 1:50,133,131,2
2022-04-30 1:51,134,133,1
2022-04-30 1:52,135,134,1
2022-04-30 1:53,137,136,1
2022-04-30 1:54,138,137,1
2022-04-30 1:55,138,139,-1
2022-04-30 1:56,140,140,0
2022-04-30 1:57,142,142,0
2022-04-30 1:58,144,144,0
2022-04-30 1:59,145,145,0
2022-04-30 2:00,147,147,0
2022-04-30 2:01,148,149,-1
2022-04-30 2:02,150,150,0
2022-04-30 2:03,151,152,-1
2022-04-30 2:04,153,154,-1
2022-04-30 2:05,154,156,-2
2022-04-30 2:06,156,158,-2
2022-04-30 2:07,158,159,-1
2022-04-30 2:08,160,161,-1
2022-04-30 2:09,162,163,-1
2022-04-30 2:10,163,165,-2
2022-04-30 2:11,165,167,-2
2022-04-30 2:12,166,169,-3
2022-04-30 2:13,168,171,-3
2022-04-30 2:14,170,173,-3
2022-04-30 2:15,172,175,-3
2022-04-30 2:16,174,177,-3
2022-04-30 2:17,176,179,-3
2022-04-30 2:18,178,181,-3
2022-04-30 2:19,180,183,-3
2022-04-30 2:20,182,185,-3
2022-04-30 2:21,184,187,-3
2022-04-30 2:22,186,189,-3
2022-04-30 2:23,188,192,-4
2022-04-30 2:24,190,194,-4
2022-04-30 2:25,193,196,-3
2022-04-30 2:26,195,198,-3
2022-04-30 2:27,198,201,-3
2022-04-30 2:28,200,203,-3
2022-04-30 2:29,203,205,-2
2022-04-30 2:30,205,207,-2
2022-04-30 2:31,208,210,-2
2022-04-30 2:32,210,212,-2
2022-04-30 2:33,213,215,-2
2022-04-30 2:34,216,217,-1
2022-04-30 2:35,219,219,0
2022-04-30 2:36,222,222,0
2022-04-30 2:37,225,224,1
2022-04-30 2:38,227,227,0
2022-04-30 2:39,231,229,2
2022-04-30 2:40,234,232,2
2022-04-30 2:41,237,234,3
2022-04-30 2:42,240,237,3
2022-04-30 2:43,243,239,4
2022-04-30 2:44,246,242,4
2022-04-30 2:45,249,245,4
2022-04-30 2:46,252,247,5
2022-04-30 2:47,255,250,5
2022-04-30 2:48,258,252,6
2022-04-30 2:49,261,255,6
2022-04-30 2:50,264,258,6
2022-04-30 2:51,267,260,7
2022-04-30 2:52,270,263,7
2022-04-30 2:53,273,266,7
2022-04-30 2:54,276,269,7
2022-04-30 2:55,279,271,8
2022-04-30 2:56,282,274,8
2022-04-30 2:57,285,277,8
2022-04-30 2:58,288,280,8
2022-04-30 2:59,291,283,8
2022-04-30 3:00,294,286,8
2022-04-30 3:01,296,288,8
2022-04-30 3:02,299,291,8
2022-04-30 3:03,302,294,8
2022-04-30 3:04,305,297,8
2022-04-30 3:05,307,300,7
2022-04-30 3:06,310,303,7
2022-04-30 3:07,313,306,7
2022-04-30 3:08,316,309,7
2022-04-30 3:09,319,312,7
2022-04-30 3:10,321,315,6
2022-04-30 3:11,324,318,6
2022-04-30 3:12,327,321,6
2022-04-30 3:13,330,324,6
2022-04-30 3:14,333,327,6
2022-04-30 3:15,335,330,5
2022-04-30 3:16,338,333,5
2022-04-30 3:17,341,336,5
2022-04-30 3:18,344,339,5
2022-04-30 3:19,344,342,2
2022-04-30 3:20,348,345,3
2022-04-30 3:21,352,348,4
2022-04-30 3:22,355,351,4
2022-04-30 3:23,357,354,3
2022-04-30 3:24,360,357,3
2022-04-30 3:25,363,360,3
2022-04-30 3:26,366,363,3
2022-04-30 3:27,369,367,2
2022-04-30 3:28,372,370,2
2022-04-30 3:29,374,373,1
2022-04-30 3:30,376,376,0
2022-04-30 3:31,379,379,0
2022-04-30 3:32,382,382,0
2022-04-30 3:33,385,385,0
2022-04-30 3:34,388,389,-1
2022-04-30 3:35,390,392,-2
2022-04-30 3:36,393,395,-2
2022-04-30 3:37,395,398,-3
2022-04-30 3:38,398,401,-3
2022-04-30 3:39,401,404,-3
2022-04-30 3:40,404,407,-3
2022-04-30 3:41,406,411,-5
2022-04-30 3:42,409,414,-5
2022-04-30 3:43,412,417,-5
2022-04-30 3:44,414,420,-6
2022-04-30 3:45,417,423,-6
2022-04-30 3:46,420,426,-6
2022-04-30 3:47,423,429,-6
2022-04-30 3:48,426,433,-7
2022-04-30 3:49,428,436,-8
2022-04-30 3:50,431,439,-8
2022-04-30 3:51,433,442,-9
2022-04-30 3:52,436,445,-9
2022-04-30 3:53,439,448,-9
2022-04-30 3:54,442,451,-9
2022-04-30 3:55,444,454,-10
2022-04-30 3:56,446,457,-11
2022-04-30 3:57,449,460,-11
2022-04-30 3:58,452,463,-11
2022-04-30 3:59,454,467,-13
2022-04-30 4:00,457,470,-13
2022-04-30 4:01,459,473,-14
2022-04-30 4:02,462,476,-14
2022-04-30 4:03,464,479,-15
2022-04-30 4:04,467,482,-15
2022-04-30 4:05,469,485,-16
2022-04-30 4:06,472,488,-16
2022-04-30 4:07,474,491,-17
2022-04-30 4:08,477,494,-17
2022-04-30 4:09,480,497,-17
2022-04-30 4:10,482,499,-17
2022-04-30 4:11,484,502,-18
2022-04-30 4:12,487,505,-18
2022-04-30 4:13,489,508,-19
2022-04-30 4:14,492,511,-19
2022-04-30 4:15,495,514,-19
2022-04-30 4:16,498,517,-19
2022-04-30 4:17,501,520,-19
2022-04-30 4:18,503,522,-19
2022-04-30 4:19,506,525,-19
2022-04-30 4:20,508,528,-20
2022-04-30 4:21,511,531,-20
2022-04-30 4:22,514,533,-19
2022-04-30 4:23,517,536,-19
2022-04-30 4:24,520,539,-19
2022-04-30 4:25,522,541,-19
2022-04-30 4:26,524,544,-20
2022-04-30 4:27,527,547,-20
2022-04-30 4:28,530,549,-19
2022-04-30 4:29,533,552,-19
2022-04-30 4:30,535,554,-19
2022-04-30 4:31,538,557,-19
2022-04-30 4:32,540,559,-19
2022-04-30 4:33,543,562,-19
2022-04-30 4:34,545,564,-19
2022-04-30 4:35,547,567,-20
2022-04-30 4:36,550,569,-19
2022-04-30 4:37,552,572,-20
2022-04-30 4:38,555,574,-19
2022-04-30 4:39,557,576,-19
2022-04-30 4:40,559,579,-20
2022-04-30 4:41,562,581,-19
2022-04-30 4:42,564,583,-19
2022-04-30 4:43,566,585,-19
2022-04-30 4:44,569,587,-18
2022-04-30 4:45,571,590,-19
2022-04-30 4:46,573,592,-19
2022-04-30 4:47,575,594,-19
2022-04-30 4:48,577,596,-19
2022-04-30 4:49,579,598,-19
2022-04-30 4:50,581,600,-19
2022-04-30 4:51,583,602,-19
2022-04-30 4:52,586,604,-18
2022-04-30 4:53,588,606,-18
2022-04-30 4:54,591,608,-17
2022-04-30 4:55,593,610,-17
2022-04-30 4:56,595,611,-16
2022-04-30 4:57,597,613,-16
2022-04-30 4:58,599,615,-16
2022-04-30 4:59,601,617,-16
2022-04-30 5:00,604,618,-14
2022-04-30 5:01,606,620,-14
2022-04-30 5:02,608,622,-14
2022-04-30 5:03,610,623,-13
2022-04-30 5:04,612,625,-13
2022-04-30 5:05,614,626,-12
2022-04-30 5:06,615,628,-13
2022-04-30 5:07,617,629,-12
2022-04-30 5:08,618,631,-13
2022-04-30 5:09,620,632,-12
2022-04-30 5:10,621,633,-12
2022-04-30 5:11,623,635,-12
2022-04-30 5:12,624,636,-12
2022-04-30 5:13,626,637,-11
2022-04-30 5:14,627,638,-11
2022-04-30 5:15,629,639,-10
2022-04-30 5:16,630,641,-11
2022-04-30 5:17,632,642,-10
2022-04-30 5:18,633,643,-10
2022-04-30 5:19,634,644,-10
2022-04-30 5:20,635,645,-10
2022-04-30 5:21,636,646,-10
2022-04-30 5:22,638,647,-9
2022-04-30 5:23,639,648,-9
2022-04-30 5:24,639,648,-9
2022-04-30 5:25,641,649,-8
2022-04-30 5:26,641,650,-9
2022-04-30 5:27,642,651,-9
2022-04-30 5:28,643,651,-8
2022-04-30 5:29,644,652,-8
2022-04-30 5:30,645,653,-8
2022-04-30 5:31,646,653,-7
2022-04-30 5:32,647,654,-7
2022-04-30 5:33,648,654,-6
2022-04-30 5:34,648,655,-7
2022-04-30 5:35,649,655,-6
2022-04-30 5:36,649,656,-7
2022-04-30 5:37,650,656,-6
2022-04-30 5:38,651,656,-5
2022-04-30 5:39,651,657,-6
2022-04-30 5:40,652,657,-5
2022-04-30 5:41,652,657,-5
2022-04-30 5:42,652,657,-5
2022-04-30 5:43,653,657,-4
2022-04-30 5:44,654,658,-4
2022-04-30 5:45,654,658,-4
2022-04-30 5:46,654,658,-4
2022-04-30 5:47,654,658,-4
2022-04-30 5:48,654,658,-4
2022-04-30 5:49,655,658,-3
2022-04-30 5:50,655,658,-3
2022-04-30 5:51,655,657,-2
2022-04-30 5:52,655,657,-2
2022-04-30 5:53,655,657,-2
2022-04-30 5:54,655,657,-2
2022-04-30 5:55,655,657,-2
2022-04-30 5:56,655,656,-1
2022-04-30 5:57,655,656,-1
2022-04-30 5:58,655,656,-1
2022-04-30 5:59,654,655,-1
2022-04-30 6:00,654,655,-1
2022-04-30 6:01,654,654,0
2022-04-30 6:02,653,654,-1
2022-04-30 6:03,653,653,0
2022-04-30 6:04,652,653,-1
2022-04-30 6:05,652,652,0
2022-04-30 6:06,651,652,-1
2022-04-30 6:07,-,651,-
2022-04-30 6:08,650,650,0
2022-04-30 6:09,650,650,0
2022-04-30 6:10,649,649,0
2022-04-30 6:11,648,648,0
2022-04-30 6:12,648,647,1
2022-04-30 6:13,646,647,-1
2022-04-30 6:14,645,646,-1
2022-04-30 6:15,644,645,-1
2022-04-30 6:16,643,644,-1
2022-04-30 6:17,642,643,-1
2022-04-30 6:18,641,642,-1
2022-04-30 6:19,640,641,-1
2022-04-30 6:20,639,640,-1
2022-04-30 6:21,638,639,-1
2022-04-30 6:22,637,638,-1
2022-04-30 6:23,636,637,-1
2022-04-30 6:24,635,636,-1
2022-04-30 6:25,634,635,-1
2022-04-30 6:26,633,634,-1
2022-04-30 6:27,632,632,0
2022-04-30 6:28,631,631,0
2022-04-30 6:29,629,630,-1
2022-04-30 6:30,628,629,-1
2022-04-30 6:31,627,628,-1
2022-04-30 6:32,625,626,-1
2022-04-30 6:33,624,625,-1
2022-04-30 6:34,622,624,-2
2022-04-30 6:35,621,622,-1
2022-04-30 6:36,620,621,-1
2022-04-30 6:37,618,620,-2
2022-04-30 6:38,617,618,-1
2022-04-30 6:39,616,617,-1
2022-04-30 6:40,614,615,-1
2022-04-30 6:41,613,614,-1
2022-04-30 6:42,612,612,0
2022-04-30 6:43,610,611,-1
2022-04-30 6:44,609,609,0
2022-04-30 6:45,607,608,-1
2022-04-30 6:46,605,606,-1
2022-04-30 6:47,603,605,-2
2022-04-30 6:48,601,603,-2
2022-04-30 6:49,600,602,-2
2022-04-30 6:50,598,600,-2
2022-04-30 6:51,596,599,-3
2022-04-30 6:52,594,597,-3
2022-04-30 6:53,593,595,-2
2022-04-30 6:54,591,594,-3
2022-04-30 6:55,589,592,-3
2022-04-30 6:56,587,590,-3
2022-04-30 6:57,585,589,-4
2022-04-30 6:58,583,587,-4
2022-04-30 6:59,581,585,-4
2022-04-30 7:00,580,584,-4
2022-04-30 7:01,578,582,-4
2022-04-30 7:02,576,580,-4
2022-04-30 7:03,575,578,-3
2022-04-30 7:04,573,577,-4
2022-04-30 7:05,571,575,-4
2022-04-30 7:06,570,573,-3
2022-04-30 7:07,568,571,-3
2022-04-30 7:08,566,570,-4
2022-04-30 7:09,565,568,-3
2022-04-30 7:10,563,566,-3
2022-04-30 7:11,562,564,-2
2022-04-30 7:12,560,563,-3
2022-04-30 7:13,559,561,-2
2022-04-30 7:14,557,559,-2
2022-04-30 7:15,555,557,-2
2022-04-30 7:16,554,555,-1
2022-04-30 7:17,551,554,-3
2022-04-30 7:18,549,552,-3
2022-04-30 7:19,547,550,-3
2022-04-30 7:20,546,548,-2
2022-04-30 7:21,544,546,-2
2022-04-30 7:22,543,544,-1
2022-04-30 7:23,541,543,-2
2022-04-30 7:24,539,541,-2
2022-04-30 7:25,538,539,-1
2022-04-30 7:26,536,537,-1
2022-04-30 7:27,534,535,-1
2022-04-30 7:28,532,533,-1
2022-04-30 7:29,530,532,-2
2022-04-30 7:30,528,530,-2
2022-04-30 7:31,527,528,-1
2022-04-30 7:32,525,526,-1
2022-04-30 7:33,523,524,-1
2022-04-30 7:34,522,522,0
2022-04-30 7:35,520,521,-1
2022-04-30 7:36,518,519,-1
2022-04-30 7:37,516,517,-1
2022-04-30 7:38,514,515,-1
2022-04-30 7:39,513,513,0
2022-04-30 7:40,511,511,0
2022-04-30 7:41,509,510,-1
2022-04-30 7:42,507,508,-1
2022-04-30 7:43,505,506,-1
2022-04-30 7:44,505,504,1
2022-04-30 7:45,503,502,1
2022-04-30 7:46,500,501,-1
2022-04-30 7:47,498,499,-1
2022-04-30 7:48,496,497,-1
2022-04-30 7:49,495,495,0
2022-04-30 7:50,493,493,0
2022-04-30 7:51,491,492,-1
2022-04-30 7:52,490,490,0
2022-04-30 7:53,488,488,0
2022-04-30 7:54,486,486,0
2022-04-30 7:55,485,485,0
2022-04-30 7:56,483,483,0
2022-04-30 7:57,481,481,0
2022-04-30 7:58,480,479,1
2022-04-30 7:59,478,478,0
2022-04-30 8:00,476,476,0
2022-04-30 8:01,474,474,0
2022-04-30 8:02,473,472,1
2022-04-30 8:03,471,471,0
2022-04-30 8:04,469,469,0
2022-04-30 8:05,467,467,0
2022-04-30 8:06,466,466,0
2022-04-30 8:07,464,464,0
2022-04-30 8:08,463,462,1
2022-04-30 8:09,461,460,1
2022-04-30 8:10,459,459,0
2022-04-30 8:11,457,457,0
2022-04-30 8:12,456,455,1
2022-04-30 8:13,454,454,0
2022-04-30 8:14,452,452,0
2022-04-30 8:15,450,450,0
2022-04-30 8:16,449,449,0
2022-04-30 8:17,447,447,0
2022-04-30 8:18,445,445,0
2022-04-30 8:19,444,444,0
2022-04-30 8:20,442,442,0
2022-04-30 8:21,440,441,-1
2022-04-30 8:22,438,439,-1
2022-04-30 8:23,436,437,-1
2022-04-30 8:24,434,436,-2
2022-04-30 8:25,433,434,-1
2022-04-30 8:26,431,433,-2
2022-04-30 8:27,430,431,-1
2022-04-30 8:28,428,429,-1
2022-04-30 8:29,427,428,-1
2022-04-30 8:30,425,426,-1
2022-04-30 8:31,424,425,-1
2022-04-30 8:32,422,423,-1
2022-04-30 8:33,420,422,-2
2022-04-30 8:34,419,420,-1
2022-04-30 8:35,417,418,-1
2022-04-30 8:36,415,417,-2
2022-04-30 8:37,414,415,-1
2022-04-30 8:38,412,414,-2
2022-04-30 8:39,411,412,-1
2022-04-30 8:40,409,411,-2
2022-04-30 8:41,408,409,-1
2022-04-30 8:42,406,408,-2
2022-04-30 8:43,405,406,-1
2022-04-30 8:44,403,405,-2
2022-04-30 8:45,401,403,-2
2022-04-30 8:46,400,402,-2
2022-04-30 8:47,398,400,-2
2022-04-30 8:48,396,399,-3
2022-04-30 8:49,395,397,-2
2022-04-30 8:50,393,396,-3
2022-04-30 8:51,391,394,-3
2022-04-30 8:52,390,393,-3
2022-04-30 8:53,388,391,-3
2022-04-30 8:54,387,390,-3
2022-04-30 8:55,385,388,-3
2022-04-30 8:56,384,387,-3
2022-04-30 8:57,382,385,-3
2022-04-30 8:58,380,384,-4
2022-04-30 8:59,378,382,-4
2022-04-30 9:00,377,381,-4
2022-04-30 9:01,375,379,-4
2022-04-30 9:02,374,378,-4
2022-04-30 9:03,372,377,-5
2022-04-30 9:04,371,375,-4
2022-04-30 9:05,369,374,-5
2022-04-30 9:06,368,372,-4
2022-04-30 9:07,367,371,-4
2022-04-30 9:08,365,369,-4
2022-04-30 9:09,364,368,-4
2022-04-30 9:10,362,366,-4
2022-04-30 9:11,360,365,-5
2022-04-30 9:12,359,363,-4
2022-04-30 9:13,357,362,-5
2022-04-30 9:14,356,361,-5
2022-04-30 9:15,354,359,-5
2022-04-30 9:16,353,358,-5
2022-04-30 9:17,352,356,-4
2022-04-30 9:18,350,355,-5
2022-04-30 9:19,349,353,-4
2022-04-30 9:20,347,352,-5
2022-04-30 9:21,345,350,-5
2022-04-30 9:22,344,349,-5
2022-04-30 9:23,343,348,-5
2022-04-30 9:24,343,346,-3
2022-04-30 9:25,340,345,-5
2022-04-30 9:26,338,343,-5
2022-04-30 9:27,338,342,-4
2022-04-30 9:28,336,340,-4
2022-04-30 9:29,334,339,-5
2022-04-30 9:30,333,337,-4
2022-04-30 9:31,331,336,-5
2022-04-30 9:32,330,334,-4
2022-04-30 9:33,330,333,-3
2022-04-30 9:34,327,331,-4
2022-04-30 9:35,325,330,-5
2022-04-30 9:36,323,329,-6
2022-04-30 9:37,322,327,-5
2022-04-30 9:38,321,326,-5
2022-04-30 9:39,319,324,-5
2022-04-30 9:40,318,323,-5
2022-04-30 9:41,316,321,-5
2022-04-30 9:42,315,320,-5
2022-04-30 9:43,314,318,-4
2022-04-30 9:44,312,317,-5
2022-04-30 9:45,311,315,-4
2022-04-30 9:46,309,314,-5
2022-04-30 9:47,308,312,-4
2022-04-30 9:48,307,311,-4
2022-04-30 9:49,305,309,-4
2022-04-30 9:50,303,308,-5
2022-04-30 9:51,302,306,-4
2022-04-30 9:52,301,305,-4
2022-04-30 9:53,300,303,-3
2022-04-30 9:54,298,302,-4
2022-04-30 9:55,297,300,-3
2022-04-30 9:56,296,299,-3
2022-04-30 9:57,294,297,-3
2022-04-30 9:58,294,296,-2
2022-04-30 9:59,292,294,-2
2022-04-30 10:00,290,293,-3
2022-04-30 10:01,289,291,-2
2022-04-30 10:02,287,290,-3
2022-04-30 10:03,286,288,-2
2022-04-30 10:04,284,287,-3
2022-04-30 10:05,283,285,-2
2022-04-30 10:06,281,284,-3
2022-04-30 10:07,280,282,-2
2022-04-30 10:08,279,281,-2
2022-04-30 10:09,278,279,-1
2022-04-30 10:10,276,278,-2
2022-04-30 10:11,275,276,-1
2022-04-30 10:12,274,274,0
2022-04-30 10:13,273,273,0
2022-04-30 10:14,271,271,0
2022-04-30 10:15,270,270,0
2022-04-30 10:16,268,268,0
2022-04-30 10:17,267,267,0
2022-04-30 10:18,267,265,2
2022-04-30 10:19,265,264,1
2022-04-30 10:20,263,262,1
2022-04-30 10:21,262,261,1
2022-04-30 10:22,261,259,2
2022-04-30 10:23,260,257,3
2022-04-30 10:24,258,256,2
2022-04-30 10:25,258,254,4
2022-04-30 10:26,256,253,3
2022-04-30 10:27,255,251,4
2022-04-30 10:28,253,250,3
2022-04-30 10:29,251,248,3
2022-04-30 10:30,250,247,3
2022-04-30 10:31,249,245,4
2022-04-30 10:32,248,243,5
2022-04-30 10:33,246,242,4
2022-04-30 10:34,245,240,5
2022-04-30 10:35,244,239,5
2022-04-30 10:36,243,237,6
2022-04-30 10:37,241,236,5
2022-04-30 10:38,240,234,6
2022-04-30 10:39,240,233,7
2022-04-30 10:40,239,231,8
2022-04-30 10:41,237,229,8
2022-04-30 10:42,235,228,7
2022-04-30 10:43,234,226,8
2022-04-30 10:44,233,225,8
2022-04-30 10:45,231,223,8
2022-04-30 10:46,230,222,8
2022-04-30 10:47,229,220,9
2022-04-30 10:48,228,219,9
2022-04-30 10:49,227,217,10
2022-04-30 10:50,225,216,9
2022-04-30 10:51,224,214,10
2022-04-30 10:52,224,213,11
2022-04-30 10:53,224,211,13
2022-04-30 10:54,222,210,12
2022-04-30 10:55,220,208,12
2022-04-30 10:56,219,207,12
2022-04-30 10:57,217,205,12
2022-04-30 10:58,216,204,12
2022-04-30 10:59,215,202,13
2022-04-30 11:00,213,201,12
2022-04-30 11:01,212,199,13
2022-04-30 11:02,211,198,13
2022-04-30 11:03,210,196,14
2022-04-30 11:04,208,195,13
2022-04-30 11:05,208,193,15
2022-04-30 11:06,206,192,14
2022-04-30 11:07,205,190,15
2022-04-30 11:08,204,189,15
2022-04-30 11:09,204,187,17
2022-04-30 11:10,203,186,17
2022-04-30 11:11,201,185,16
2022-04-30 11:12,200,183,17
2022-04-30 11:13,200,182,18
2022-04-30 11:14,198,180,18
2022-04-30 11:15,196,179,17
2022-04-30 11:16,195,178,17
2022-04-30 11:17,194,176,18
2022-04-30 11:18,193,175,18
2022-04-30 11:19,191,173,18
2022-04-30 11:20,190,172,18
2022-04-30 11:21,189,171,18
2022-04-30 11:22,188,169,19
2022-04-30 11:23,187,168,19
2022-04-30 11:24,186,167,19
2022-04-30 11:25,185,165,20
2022-04-30 11:26,184,164,20
2022-04-30 11:27,183,163,20
2022-04-30 11:28,182,161,21
2022-04-30 11:29,181,160,21
2022-04-30 11:30,179,159,20
2022-04-30 11:31,178,158,20
2022-04-30 11:32,177,156,21
2022-04-30 11:33,176,155,21
2022-04-30 11:34,175,154,21
2022-04-30 11:35,173,153,20
2022-04-30 11:36,172,151,21
2022-04-30 11:37,171,150,21
2022-04-30 11:38,170,149,21
2022-04-30 11:39,169,148,21
2022-04-30 11:40,168,147,21
2022-04-30 11:41,167,145,22
2022-04-30 11:42,166,144,22
2022-04-30 11:43,165,143,22
2022-04-30 11:44,164,142,22
2022-04-30 11:45,163,141,22
2022-04-30 11:46,161,140,21
2022-04-30 11:47,160,139,21
2022-04-30 11:48,159,138,21
2022-04-30 11:49,158,137,21
2022-04-30 11:50,157,136,21
2022-04-30 11:51,155,134,21
2022-04-30 11:52,155,133,22
2022-04-30 11:53,154,132,22
2022-04-30 11:54,154,131,23
2022-04-30 11:55,152,130,22
2022-04-30 11:56,150,129,21
2022-04-30 11:57,150,128,22
2022-04-30 11:58,148,128,20
2022-04-30 11:59,147,127,20
2022-04-30 12:00,146,126,20
2022-04-30 12:01,145,125,20
2022-04-30 12:02,144,124,20
2022-04-30 12:03,143,123,20
2022-04-30 12:04,142,122,20
2022-04-30 12:05,141,121,20
2022-04-30 12:06,141,120,21
2022-04-30 12:07,139,120,19
2022-04-30 12:08,137,119,18
2022-04-30 12:09,136,118,18
2022-04-30 12:10,135,117,18
2022-04-30 12:11,134,116,18
2022-04-30 12:12,133,116,17
2022-04-30 12:13,132,115,17
2022-04-30 12:14,131,114,17
2022-04-30 12:15,130,113,17
2022-04-30 12:16,129,113,16
2022-04-30 12:17,129,112,17
2022-04-30 12:18,127,111,16
2022-04-30 12:19,127,111,16
2022-04-30 12:20,125,110,15
2022-04-30 12:21,125,109,16
2022-04-30 12:22,124,109,15
2022-04-30 12:23,122,108,14
2022-04-30 12:24,122,108,14
2022-04-30 12:25,121,107,14
2022-04-30 12:26,120,106,14
2022-04-30 12:27,118,106,12
2022-04-30 12:28,117,105,12
2022-04-30 12:29,116,105,11
2022-04-30 12:30,115,104,11
2022-04-30 12:31,114,104,10
2022-04-30 12:32,114,103,11
2022-04-30 12:33,112,103,9
2022-04-30 12:34,111,103,8
2022-04-30 12:35,111,102,9
2022-04-30 12:36,110,102,8
2022-04-30 12:37,109,101,8
2022-04-30 12:38,108,101,7
2022-04-30 12:39,107,101,6
2022-04-30 12:40,106,100,6
2022-04-30 12:41,105,100,5
2022-04-30 12:42,104,100,4
2022-04-30 12:43,103,99,4
2022-04-30 12:44,102,99,3
2022-04-30 12:45,100,99,1
2022-04-30 12:46,100,99,1
2022-04-30 12:47,99,99,0
2022-04-30 12:48,98,98,0
2022-04-30 12:49,98,98,0
2022-04-30 12:50,97,98,-1
2022-04-30 12:51,96,98,-2
2022-04-30 12:52,95,98,-3
2022-04-30 12:53,94,98,-4
2022-04-30 12:54,94,98,-4
2022-04-30 12:55,93,97,-4
2022-04-30 12:56,92,97,-5
2022-04-30 12:57,91,97,-6
2022-04-30 12:58,90,97,-7
2022-04-30 12:59,90,97,-7
2022-04-30 13:00,89,97,-8
2022-04-30 13:01,88,97,-9
2022-04-30 13:02,88,97,-9
2022-04-30 13:03,88,97,-9
2022-04-30 13:04,87,98,-11
2022-04-30 13:05,87,98,-11
2022-04-30 13:06,85,98,-13
2022-04-30 13:07,84,98,-14
2022-04-30 13:08,83,98,-15
2022-04-30 13:09,82,98,-16
2022-04-30 13:10,82,98,-16
2022-04-30 13:11,81,99,-18
2022-04-30 13:12,81,99,-18
2022-04-30 13:13,80,99,-19
2022-04-30 13:14,80,99,-19
2022-04-30 13:15,80,100,-20
2022-04-30 13:16,79,100,-21
2022-04-30 13:17,79,100,-21
2022-04-30 13:18,79,101,-22
2022-04-30 13:19,79,101,-22
2022-04-30 13:20,79,101,-22
2022-04-30 13:21,79,102,-23
2022-04-30 13:22,79,102,-23
2022-04-30 13:23,80,102,-22
2022-04-30 13:24,80,103,-23
2022-04-30 13:25,81,103,-22
2022-04-30 13:26,81,104,-23
2022-04-30 13:27,82,104,-22
2022-04-30 13:28,83,105,-22
2022-04-30 13:29,85,105,-20
2022-04-30 13:30,86,106,-20
2022-04-30 13:31,88,107,-19
2022-04-30 13:32,90,107,-17
2022-04-30 13:33,92,108,-16
2022-04-30 13:34,94,108,-14
2022-04-30 13:35,96,109,-13
2022-04-30 13:36,98,110,-12
2022-04-30 13:37,100,110,-10
2022-04-30 13:38,102,111,-9
2022-04-30 13:39,105,112,-7
2022-04-30 13:40,107,113,-6
2022-04-30 13:41,109,113,-4
2022-04-30 13:42,111,114,-3
2022-04-30 13:43,113,115,-2
2022-04-30 13:44,114,116,-2
2022-04-30 13:45,116,117,-1
2022-04-30 13:46,117,117,0
2022-04-30 13:47,119,118,1
2022-04-30 13:48,121,119,2
2022-04-30 13:49,123,120,3
2022-04-30 13:50,125,121,4
2022-04-30 13:51,126,122,4
2022-04-30 13:52,128,123,5
2022-04-30 13:53,129,124,5
2022-04-30 13:54,131,125,6
2022-04-30 13:55,132,126,6
2022-04-30 13:56,134,127,7
2022-04-30 13:57,135,128,7
2022-04-30 13:58,137,129,8
2022-04-30 13:59,138,130,8
2022-04-30 14:00,140,132,8
2022-04-30 14:01,141,133,8
2022-04-30 14:02,143,134,9
2022-04-30 14:03,144,135,9
2022-04-30 14:04,145,136,9
2022-04-30 14:05,146,138,8
2022-04-30 14:06,148,139,9
2022-04-30 14:07,149,140,9
2022-04-30 14:08,150,142,8
2022-04-30 14:09,151,143,8
2022-04-30 14:10,152,144,8
2022-04-30 14:11,153,146,7
2022-04-30 14:12,155,147,8
2022-04-30 14:13,156,148,8
2022-04-30 14:14,157,150,7
2022-04-30 14:15,158,151,7
2022-04-30 14:16,159,153,6
2022-04-30 14:17,161,154,7
2022-04-30 14:18,162,156,6
2022-04-30 14:19,163,157,6
2022-04-30 14:20,165,159,6
2022-04-30 14:21,166,160,6
2022-04-30 14:22,167,162,5
2022-04-30 14:23,168,164,4
2022-04-30 14:24,169,165,4
2022-04-30 14:25,171,167,4
2022-04-30 14:26,172,169,3
2022-04-30 14:27,174,170,4
2022-04-30 14:28,175,172,3
2022-04-30 14:29,176,174,2
2022-04-30 14:30,178,176,2
2022-04-30 14:31,180,177,3
2022-04-30 14:32,181,179,2
2022-04-30 14:33,183,181,2
2022-04-30 14:34,183,183,0
2022-04-30 14:35,185,185,0
2022-04-30 14:36,187,187,0
2022-04-30 14:37,189,189,0
2022-04-30 14:38,190,191,-1
2022-04-30 14:39,192,193,-1
2022-04-30 14:40,194,195,-1
2022-04-30 14:41,196,197,-1
2022-04-30 14:42,198,199,-1
2022-04-30 14:43,200,201,-1
2022-04-30 14:44,201,203,-2
2022-04-30 14:45,203,205,-2
2022-04-30 14:46,205,207,-2
2022-04-30 14:47,207,209,-2
2022-04-30 14:48,209,211,-2
2022-04-30 14:49,211,213,-2
2022-04-30 14:50,214,215,-1
2022-04-30 14:51,216,218,-2
2022-04-30 14:52,219,220,-1
2022-04-30 14:53,221,222,-1
2022-04-30 14:54,223,224,-1
2022-04-30 14:55,226,227,-1
2022-04-30 14:56,228,229,-1
2022-04-30 14:57,231,231,0
2022-04-30 14:58,234,234,0
2022-04-30 14:59,236,236,0
2022-04-30 15:00,239,238,1
2022-04-30 15:01,241,241,0
2022-04-30 15:02,241,243,-2
2022-04-30 15:03,245,246,-1
2022-04-30 15:04,249,248,1
2022-04-30 15:05,252,250,2
2022-04-30 15:06,255,253,2
2022-04-30 15:07,258,255,3
2022-04-30 15:08,261,258,3
2022-04-30 15:09,263,260,3
2022-04-30 15:10,263,263,0
2022-04-30 15:11,268,266,2
2022-04-30 15:12,272,268,4
2022-04-30 15:13,275,271,4
2022-04-30 15:14,278,273,5
2022-04-30 15:15,281,276,5
2022-04-30 15:16,283,279,4
2022-04-30 15:17,283,281,2
2022-04-30 15:18,283,284,-1
2022-04-30 15:19,289,287,2
2022-04-30 15:20,289,289,0
2022-04-30 15:21,296,292,4
2022-04-30 15:22,300,295,5
2022-04-30 15:23,303,298,5
2022-04-30 15:24,306,300,6
2022-04-30 15:25,308,303,5
2022-04-30 15:26,311,306,5
2022-04-30 15:27,314,309,5
2022-04-30 15:28,316,311,5
2022-04-30 15:29,318,314,4
2022-04-30 15:30,321,317,4
2022-04-30 15:31,324,320,4
2022-04-30 15:32,326,323,3
2022-04-30 15:33,329,326,3
2022-04-30 15:34,332,329,3
2022-04-30 15:35,334,331,3
2022-04-30 15:36,337,334,3
2022-04-30 15:37,337,337,0
2022-04-30 15:38,341,340,1
2022-04-30 15:39,345,343,2
2022-04-30 15:40,347,346,1
2022-04-30 15:41,350,349,1
2022-04-30 15:42,353,352,1
2022-04-30 15:43,355,355,0
2022-04-30 15:44,358,358,0
2022-04-30 15:45,360,361,-1
2022-04-30 15:46,363,364,-1
2022-04-30 15:47,366,367,-1
2022-04-30 15:48,368,370,-2
2022-04-30 15:49,371,373,-2
2022-04-30 15:50,371,376,-5
2022-04-30 15:51,374,379,-5
2022-04-30 15:52,378,382,-4
2022-04-30 15:53,381,385,-4
2022-04-30 15:54,383,388,-5
2022-04-30 15:55,386,391,-5
2022-04-30 15:56,388,394,-6
2022-04-30 15:57,391,397,-6
2022-04-30 15:58,393,400,-7
2022-04-30 15:59,395,403,-8
2022-04-30 16:00,398,406,-8
2022-04-30 16:01,401,409,-8
2022-04-30 16:02,404,412,-8
2022-04-30 16:03,406,415,-9
2022-04-30 16:04,408,418,-10
2022-04-30 16:05,410,421,-11
2022-04-30 16:06,413,424,-11
2022-04-30 16:07,415,427,-12
2022-04-30 16:08,418,430,-12
2022-04-30 16:09,420,433,-13
2022-04-30 16:10,423,436,-13
2022-04-30 16:11,425,439,-14
2022-04-30 16:12,428,442,-14
2022-04-30 16:13,430,445,-15
2022-04-30 16:14,432,448,-16
2022-04-30 16:15,434,451,-17
2022-04-30 16:16,437,454,-17
2022-04-30 16:17,439,457,-18
2022-04-30 16:18,441,459,-18
2022-04-30 16:19,444,462,-18
2022-04-30 16:20,446,465,-19
2022-04-30 16:21,448,468,-20
2022-04-30 16:22,450,471,-21
2022-04-30 16:23,453,474,-21
2022-04-30 16:24,455,477,-22
2022-04-30 16:25,457,480,-23
2022-04-30 16:26,460,483,-23
2022-04-30 16:27,462,485,-23
2022-04-30 16:28,464,488,-24
2022-04-30 16:29,466,491,-25
2022-04-30 16:30,469,494,-25
2022-04-30 16:31,471,497,-26
2022-04-30 16:32,473,499,-26
2022-04-30 16:33,476,502,-26
2022-04-30 16:34,476,505,-29
2022-04-30 16:35,479,508,-29
2022-04-30 16:36,483,510,-27
2022-04-30 16:37,485,513,-28
2022-04-30 16:38,487,516,-29
2022-04-30 16:39,489,518,-29
2022-04-30 16:40,492,521,-29
2022-04-30 16:41,492,523,-31
2022-04-30 16:42,495,526,-31
2022-04-30 16:43,499,529,-30
2022-04-30 16:44,499,531,-32
2022-04-30 16:45,502,534,-32
2022-04-30 16:46,506,536,-30
2022-04-30 16:47,508,539,-31
2022-04-30 16:48,510,541,-31
2022-04-30 16:49,513,544,-31
2022-04-30 16:50,513,546,-33
2022-04-30 16:51,516,548,-32
2022-04-30 16:52,519,551,-32
2022-04-30 16:53,521,553,-32
2022-04-30 16:54,523,555,-32
2022-04-30 16:55,525,558,-33
2022-04-30 16:56,528,560,-32
2022-04-30 16:57,530,562,-32
2022-04-30 16:58,532,564,-32
2022-04-30 16:59,534,567,-33
2022-04-30 17:00,534,569,-35
2022-04-30 17:01,537,571,-34
2022-04-30 17:02,540,573,-33
2022-04-30 17:03,542,575,-33
2022-04-30 17:04,544,577,-33
2022-04-30 17:05,546,579,-33
2022-04-30 17:06,548,581,-33
2022-04-30 17:07,550,583,-33
2022-04-30 17:08,552,585,-33
2022-04-30 17:09,555,587,-32
2022-04-30 17:10,556,589,-33
2022-04-30 17:11,558,591,-33
2022-04-30 17:12,560,592,-32
2022-04-30 17:13,562,594,-32
2022-04-30 17:14,563,596,-33
2022-04-30 17:15,565,598,-33
2022-04-30 17:16,567,599,-32
2022-04-30 17:17,569,601,-32
2022-04-30 17:18,571,603,-32
2022-04-30 17:19,573,604,-31
2022-04-30 17:20,574,606,-32
2022-04-30 17:21,576,607,-31
2022-04-30 17:22,577,609,-32
2022-04-30 17:23,579,610,-31
2022-04-30 17:24,580,612,-32
2022-04-30 17:25,582,613,-31
2022-04-30 17:26,584,614,-30
2022-04-30 17:27,585,616,-31
2022-04-30 17:28,587,617,-30
2022-04-30 17:29,589,618,-29
2022-04-30 17:30,591,619,-28
2022-04-30 17:31,592,621,-29
2022-04-30 17:32,594,622,-28
2022-04-30 17:33,596,623,-27
2022-04-30 17:34,597,624,-27
2022-04-30 17:35,598,625,-27
2022-04-30 17:36,599,626,-27
2022-04-30 17:37,601,627,-26
2022-04-30 17:38,602,628,-26
2022-04-30 17:39,603,629,-26
2022-04-30 17:40,604,630,-26
2022-04-30 17:41,605,630,-25
2022-04-30 17:42,607,631,-24
2022-04-30 17:43,608,632,-24
2022-04-30 17:44,609,633,-24
2022-04-30 17:45,610,633,-23
2022-04-30 17:46,611,634,-23
2022-04-30 17:47,612,634,-22
2022-04-30 17:48,612,635,-23
2022-04-30 17:49,613,636,-23
2022-04-30 17:50,613,636,-23
2022-04-30 17:51,614,636,-22
2022-04-30 17:52,615,637,-22
2022-04-30 17:53,615,637,-22
2022-04-30 17:54,616,638,-22
2022-04-30 17:55,617,638,-21
2022-04-30 17:56,617,638,-21
2022-04-30 17:57,618,638,-20
2022-04-30 17:58,618,639,-21
2022-04-30 17:59,618,639,-21
2022-04-30 18:00,618,639,-21
2022-04-30 18:01,619,639,-20
2022-04-30 18:02,619,639,-20
2022-04-30 18:03,619,639,-20
2022-04-30 18:04,619,639,-20
2022-04-30 18:05,619,639,-20
2022-04-30 18:06,619,639,-20
2022-04-30 18:07,619,639,-20
2022-04-30 18:08,619,639,-20
2022-04-30 18:09,619,638,-19
2022-04-30 18:10,619,638,-19
2022-04-30 18:11,619,638,-19
2022-04-30 18:12,619,638,-19
2022-04-30 18:13,619,637,-18
2022-04-30 18:14,618,637,-19
2022-04-30 18:15,618,637,-19
2022-04-30 18:16,618,636,-18
2022-04-30 18:17,618,636,-18
2022-04-30 18:18,617,635,-18
2022-04-30 18:19,617,635,-18
2022-04-30 18:20,616,634,-18
2022-04-30 18:21,616,634,-18
2022-04-30 18:22,616,633,-17
2022-04-30 18:23,616,632,-16
2022-04-30 18:24,615,632,-17
2022-04-30 18:25,614,631,-17
2022-04-30 18:26,613,630,-17
2022-04-30 18:27,612,630,-18
2022-04-30 18:28,611,629,-18
2022-04-30 18:29,611,628,-17
2022-04-30 18:30,609,627,-18
2022-04-30 18:31,608,626,-18
2022-04-30 18:32,607,625,-18
2022-04-30 18:33,606,625,-19
2022-04-30 18:34,604,624,-20
2022-04-30 18:35,603,623,-20
2022-04-30 18:36,602,622,-20
2022-04-30 18:37,601,621,-20
2022-04-30 18:38,599,620,-21
2022-04-30 18:39,598,618,-20
2022-04-30 18:40,596,617,-21
2022-04-30 18:41,595,616,-21
2022-04-30 18:42,594,615,-21
2022-04-30 18:43,593,614,-21
2022-04-30 18:44,591,613,-22
2022-04-30 18:45,590,611,-21
2022-04-30 18:46,588,610,-22
2022-04-30 18:47,587,609,-22
2022-04-30 18:48,585,608,-23
2022-04-30 18:49,584,606,-22
2022-04-30 18:50,582,605,-23
2022-04-30 18:51,581,604,-23
2022-04-30 18:52,579,602,-23
2022-04-30 18:53,578,601,-23
2022-04-30 18:54,578,599,-21
2022-04-30 18:55,575,598,-23
2022-04-30 18:56,573,597,-24
2022-04-30 18:57,571,595,-24
2022-04-30 18:58,571,594,-23
2022-04-30 18:59,568,592,-24
2022-04-30 19:00,566,591,-25
2022-04-30 19:01,564,589,-25
2022-04-30 19:02,562,588,-26
2022-04-30 19:03,561,586,-25
2022-04-30 19:04,559,584,-25
2022-04-30 19:05,557,583,-26
2022-04-30 19:06,556,581,-25
2022-04-30 19:07,554,580,-26
2022-04-30 19:08,553,578,-25
2022-04-30 19:09,551,576,-25
2022-04-30 19:10,549,575,-26
2022-04-30 19:11,548,573,-25
2022-04-30 19:12,546,571,-25
2022-04-30 19:13,546,570,-24
2022-04-30 19:14,546,568,-22
2022-04-30 19:15,544,566,-22
2022-04-30 19:16,541,565,-24
2022-04-30 19:17,540,563,-23
2022-04-30 19:18,539,561,-22
2022-04-30 19:19,537,559,-22
2022-04-30 19:20,535,558,-23
2022-04-30 19:21,535,556,-21
2022-04-30 19:22,533,554,-21
2022-04-30 19:23,530,552,-22
2022-04-30 19:24,529,550,-21
2022-04-30 19:25,527,549,-22
2022-04-30 19:26,525,547,-22
2022-04-30 19:27,525,545,-20
2022-04-30 19:28,523,543,-20
2022-04-30 19:29,520,541,-21
2022-04-30 19:30,518,540,-22
2022-04-30 19:31,517,538,-21
2022-04-30 19:32,514,536,-22
2022-04-30 19:33,513,534,-21
2022-04-30 19:34,511,532,-21
2022-04-30 19:35,509,530,-21
2022-04-30 19:36,507,529,-22
2022-04-30 19:37,506,527,-21
2022-04-30 19:38,504,525,-21
2022-04-30 19:39,502,523,-21
2022-04-30 19:40,500,521,-21
2022-04-30 19:41,499,519,-20
2022-04-30 19:42,499,517,-18
2022-04-30 19:43,496,516,-20
2022-04-30 19:44,493,514,-21
2022-04-30 19:45,493,512,-19
2022-04-30 19:46,490,510,-20
2022-04-30 19:47,488,508,-20
2022-04-30 19:48,488,506,-18
2022-04-30 19:49,485,504,-19
2022-04-30 19:50,483,503,-20
2022-04-30 19:51,481,501,-20
2022-04-30 19:52,479,499,-20
2022-04-30 19:53,478,497,-19
2022-04-30 19:54,476,495,-19
2022-04-30 19:55,474,493,-19
2022-04-30 19:56,472,492,-20
2022-04-30 19:57,470,490,-20
2022-04-30 19:58,468,488,-20
2022-04-30 19:59,467,486,-19
2022-04-30 20:00,465,484,-19
2022-04-30 20:01,463,482,-19
2022-04-30 20:02,462,481,-19
2022-04-30 20:03,461,479,-18
2022-04-30 20:04,459,477,-18
2022-04-30 20:05,457,475,-18
2022-04-30 20:06,455,473,-18
2022-04-30 20:07,453,472,-19
2022-04-30 20:08,452,470,-18
2022-04-30 20:09,450,468,-18
2022-04-30 20:10,448,466,-18
2022-04-30 20:11,447,465,-18
2022-04-30 20:12,445,463,-18
2022-04-30 20:13,444,461,-17
2022-04-30 20:14,442,459,-17
2022-04-30 20:15,440,458,-18
2022-04-30 20:16,438,456,-18
2022-04-30 20:17,438,454,-16
2022-04-30 20:18,436,452,-16
2022-04-30 20:19,436,451,-15
2022-04-30 20:20,432,449,-17
2022-04-30 20:21,430,447,-17
2022-04-30 20:22,428,445,-17
2022-04-30 20:23,427,444,-17
2022-04-30 20:24,425,442,-17
2022-04-30 20:25,424,440,-16
2022-04-30 20:26,422,439,-17
2022-04-30 20:27,420,437,-17
2022-04-30 20:28,418,435,-17
2022-04-30 20:29,416,434,-18
2022-04-30 20:30,415,432,-17
2022-04-30 20:31,413,430,-17
2022-04-30 20:32,412,429,-17
2022-04-30 20:33,410,427,-17
2022-04-30 20:34,408,426,-18
2022-04-30 20:35,408,424,-16
2022-04-30 20:36,406,422,-16
2022-04-30 20:37,404,421,-17
2022-04-30 20:38,404,419,-15
2022-04-30 20:39,401,417,-16
2022-04-30 20:40,398,416,-18
2022-04-30 20:41,397,414,-17
2022-04-30 20:42,395,413,-18
2022-04-30 20:43,394,411,-17
2022-04-30 20:44,392,410,-18
2022-04-30 20:45,390,408,-18
2022-04-30 20:46,389,406,-17
2022-04-30 20:47,388,405,-17
2022-04-30 20:48,386,403,-17
2022-04-30 20:49,385,402,-17
2022-04-30 20:50,383,400,-17
2022-04-30 20:51,381,399,-18
2022-04-30 20:52,379,397,-18
2022-04-30 20:53,378,396,-18
2022-04-30 20:54,376,394,-18
2022-04-30 20:55,375,393,-18
2022-04-30 20:56,373,391,-18
2022-04-30 20:57,371,390,-19
2022-04-30 20:58,370,388,-18
2022-04-30 20:59,369,387,-18
2022-04-30 21:00,367,385,-18
2022-04-30 21:01,366,384,-18
2022-04-30 21:02,364,382,-18
2022-04-30 21:03,363,381,-18
2022-04-30 21:04,361,379,-18
2022-04-30 21:05,359,378,-19
2022-04-30 21:06,358,377,-19
2022-04-30 21:07,356,375,-19
2022-04-30 21:08,355,374,-19
2022-04-30 21:09,354,372,-18
2022-04-30 21:10,352,371,-19
2022-04-30 21:11,351,369,-18
2022-04-30 21:12,349,368,-19
2022-04-30 21:13,348,367,-19
2022-04-30 21:14,346,365,-19
2022-04-30 21:15,345,364,-19
2022-04-30 21:16,343,362,-19
2022-04-30 21:17,342,361,-19
2022-04-30 21:18,342,359,-17
2022-04-30 21:19,340,358,-18
2022-04-30 21:20,340,357,-17
2022-04-30 21:21,337,355,-18
2022-04-30 21:22,337,354,-17
2022-04-30 21:23,334,352,-18
2022-04-30 21:24,332,351,-19
2022-04-30 21:25,331,350,-19
2022-04-30 21:26,329,348,-19
2022-04-30 21:27,328,347,-19
2022-04-30 21:28,328,345,-17
2022-04-30 21:29,325,344,-19
2022-04-30 21:30,323,343,-20
2022-04-30 21:31,322,341,-19
2022-04-30 21:32,320,340,-20
2022-04-30 21:33,319,338,-19
2022-04-30 21:34,318,337,-19
2022-04-30 21:35,316,336,-20
2022-04-30 21:36,315,334,-19
2022-04-30 21:37,314,333,-19
2022-04-30 21:38,313,331,-18
2022-04-30 21:39,311,330,-19
2022-04-30 21:40,310,329,-19
2022-04-30 21:41,308,327,-19
2022-04-30 21:42,307,326,-19
2022-04-30 21:43,305,324,-19
2022-04-30 21:44,304,323,-19
2022-04-30 21:45,302,322,-20
2022-04-30 21:46,302,320,-18
2022-04-30 21:47,300,319,-19
2022-04-30 21:48,298,317,-19
2022-04-30 21:49,297,316,-19
2022-04-30 21:50,296,315,-19
2022-04-30 21:51,295,313,-18
2022-04-30 21:52,293,312,-19
2022-04-30 21:53,292,310,-18
2022-04-30 21:54,290,309,-19
2022-04-30 21:55,289,308,-19
2022-04-30 21:56,288,306,-18
2022-04-30 21:57,286,305,-19
2022-04-30 21:58,285,303,-18
2022-04-30 21:59,284,302,-18
2022-04-30 22:00,282,300,-18
2022-04-30 22:01,281,299,-18
2022-04-30 22:02,280,298,-18
2022-04-30 22:03,278,296,-18
2022-04-30 22:04,277,295,-18
2022-04-30 22:05,276,293,-17
2022-04-30 22:06,275,292,-17
2022-04-30 22:07,274,290,-16
2022-04-30 22:08,272,289,-17
2022-04-30 22:09,271,287,-16
2022-04-30 22:10,271,286,-15
2022-04-30 22:11,269,285,-16
2022-04-30 22:12,267,283,-16
2022-04-30 22:13,265,282,-17
2022-04-30 22:14,264,280,-16
2022-04-30 22:15,263,279,-16
2022-04-30 22:16,262,277,-15
2022-04-30 22:17,260,276,-16
2022-04-30 22:18,259,274,-15
2022-04-30 22:19,258,273,-15
2022-04-30 22:20,258,271,-13
2022-04-30 22:21,256,270,-14
2022-04-30 22:22,254,268,-14
2022-04-30 22:23,253,267,-14
2022-04-30 22:24,251,265,-14
2022-04-30 22:25,250,264,-14
2022-04-30 22:26,249,262,-13
2022-04-30 22:27,247,261,-14
2022-04-30 22:28,246,259,-13
2022-04-30 22:29,246,258,-12
2022-04-30 22:30,244,256,-12
2022-04-30 22:31,244,255,-11
2022-04-30 22:32,242,253,-11
2022-04-30 22:33,242,252,-10
2022-04-30 22:34,239,250,-11
2022-04-30 22:35,238,249,-11
2022-04-30 22:36,237,247,-10
2022-04-30 22:37,235,246,-11
2022-04-30 22:38,234,244,-10
2022-04-30 22:39,232,243,-11
2022-04-30 22:40,231,241,-10
2022-04-30 22:41,230,240,-10
2022-04-30 22:42,229,238,-9
2022-04-30 22:43,227,237,-10
2022-04-30 22:44,226,235,-9
2022-04-30 22:45,226,234,-8
2022-04-30 22:46,224,232,-8
2022-04-30 22:47,223,231,-8
2022-04-30 22:48,221,229,-8
2022-04-30 22:49,220,228,-8
2022-04-30 22:50,219,226,-7
2022-04-30 22:51,218,224,-6
2022-04-30 22:52,218,223,-5
2022-04-30 22:53,216,221,-5
2022-04-30 22:54,214,220,-6
2022-04-30 22:55,213,218,-5
2022-04-30 22:56,212,217,-5
2022-04-30 22:57,210,215,-5
2022-04-30 22:58,209,214,-5
2022-04-30 22:59,208,212,-4
2022-04-30 23:00,207,211,-4
2022-04-30 23:01,207,209,-2
2022-04-30 23:02,205,208,-3
2022-04-30 23:03,203,206,-3
2022-04-30 23:04,202,205,-3
2022-04-30 23:05,201,203,-2
2022-04-30 23:06,200,202,-2
2022-04-30 23:07,199,200,-1
2022-04-30 23:08,198,199,-1
2022-04-30 23:09,198,197,1
2022-04-30 23:10,196,196,0
2022-04-30 23:11,194,194,0
2022-04-30 23:12,193,193,0
2022-04-30 23:13,192,191,1
2022-04-30 23:14,190,190,0
2022-04-30 23:15,189,188,1
2022-04-30 23:16,188,187,1
2022-04-30 23:17,187,185,2
2022-04-30 23:18,186,184,2
2022-04-30 23:19,185,182,3
2022-04-30 23:20,184,181,3
2022-04-30 23:21,183,179,4
2022-04-30 23:22,182,178,4
2022-04-30 23:23,181,176,5
2022-04-30 23:24,138,175,-37
2022-04-30 23:25,116,173,-57
2022-04-30 23:26,116,172,-56
2022-04-30 23:27,114,171,-57
2022-04-30 23:28,-,169,-
2022-04-30 23:29,-,168,-
2022-04-30 23:30,-,166,-
2022-04-30 23:31,-,165,-
2022-04-30 23:32,-,164,-
2022-04-30 23:33,-,162,-
2022-04-30 23:34,-,161,-
2022-04-30 23:35,-,159,-
2022-04-30 23:36,105,158,-53
2022-04-30 23:37,104,157,-53
2022-04-30 23:38,103,155,-52
2022-04-30 23:39,102,154,-52
2022-04-30 23:40,101,153,-52
2022-04-30 23:41,100,151,-51
2022-04-30 23:42,99,150,-51
2022-04-30 23:43,98,149,-51
2022-04-30 23:44,97,147,-50
2022-04-30 23:45,96,146,-50
2022-04-30 23:46,95,145,-50
2022-04-30 23:47,94,143,-49
2022-04-30 23:48,93,142,-49
2022-04-30 23:49,92,141,-49
2022-04-30 23:50,91,140,-49
2022-04-30 23:51,90,138,-48
2022-04-30 23:52,89,137,-48
2022-04-30 23:53,88,136,-48
2022-04-30 23:54,88,135,-47
2022-04-30 23:55,87,134,-47
2022-04-30 23:56,87,132,-45
2022-04-30 23:57,85,131,-46
2022-04-30 23:58,83,130,-47
2022-04-30 23:59,82,129,-47
2022-05-01 0:00,81,128,-47
